#kundeinfo
19 02 2007
020
51364,51431,51442
9/10
#nylinje
6
39.7
79.6
3
A
2
3
0
0 0 0
51364-1
#nylinje
3
39.7
39.6
3
A
2
2
0
0 0 0
51364-2
#nylinje
4
39.7
109.6
3
A
2
4
0
0 0 0
51364-3
#nylinje
1
59.6
109.6
3
A
3
4
0
0 0 0
51364-4
#nylinje
3
59.6
79.6
3
A
3
3
0
0 0 0
51364-5,6,6
#nylinje
2
39.6
39.6
3
A
2
2
0
0 0 0
51364-7,8
#nylinje
2
39.7
51.6
3
A
2
2
0
0 0 0
51364-9
#nylinje
1
79.6
29.6
3
A
3
2
0
0 0 0
51431-2
#nylinje
6
55.2
99.6
3
A
2
3
0
0 0 0
51442-1
#nylinje
4
55.2
84.6
3
A
2
3
0
0 0 0
51442-2
#nylinje
2
55.2
54.6
3
A
2
2
0
0 0 0
51442-3
#nylinje
1
79.5
30
3
A
3
2
0
0 0 0
51431
#andre ting
0
1
0
1
