#kundeinfo
19 02 2007
020
51347,51350,51359
9/10
#nylinje
3
39.4
39.6
3
A
2
2
0
0 0 0
51347-1
#nylinje
6
39.7
79.6
3
A
2
3
0
0 0 0
51347-2
#nylinje
1
39.6
39.6
3
A
2
2
0
0 0 0
51347-3
#nylinje
2
39.6
39.6
3
A
2
2
0
0 0 0
51347-4
#nylinje
2
59.6
79.6
3
A
3
3
0
0 0 0
51347-5,6
#nylinje
2
59.6
109.6
3
A
3
4
0
0 0 0
51347-7,8
#nylinje
4
39.7
109.6
3
A
2
4
0
0 0 0
51347-9
#nylinje
1
39.6
39.6
3
A
2
2
0
0 0 0
51347-10
#nylinje
4
39.7
79.6
3
A
2
3
0
0 0 0
51350-1
#nylinje
3
59.6
79.6
3
A
3
3
0
0 0 0
51350-2
#nylinje
5
59.6
79.6
3
A
3
3
0
0 0 0
51350-3
#nylinje
2
39.6
39.6
3
A
2
2
0
0 0 0
51350-4,5
#nylinje
4
39.7
79.6
3
A
2
3
0
0 0 0
51359-1
#nylinje
2
39.7
79.6
3
A
2
3
0
0 0 0
51359-2
#nylinje
8
39.7
109.6
3
A
2
4
0
0 0 0
51359-3
#nylinje
3
59.6
79.6
3
A
3
3
0
0 0 0
51359-4
#nylinje
4
39.7
79.6
3
A
2
3
0
0 0 0
51359-5
#nylinje
1
59.6
79.6
3
A
3
3
0
0 0 0
51359-6
#nylinje
4
39.7
39.6
3
A
2
2
0
0 0 0
51359-7
#nylinje
3
59.6
79.6
3
A
3
3
0
0 0 0
51359-8,9,10
#andre ting
0
1
0
1
