#kundeinfo
23 02 2007
002
108095,108118,108430
9
#nylinje
3
48.1
168.4
9
I
1
3
0
0 0 0
108095-1
#nylinje
1
51.7
168.4
9
I
1
3
0
0 0 0
108095-17
#nylinje
2
50.6
108.1
9
I
1
2
0
0 0 0
108095-15,20
#nylinje
2
38.4
98.9
9
I
1
2
0
0 0 0
108095-5
#nylinje
1
18.1
108.4
9
I
1
2
0
0 0 0
108095-7
#nylinje
2
50.6
108.1
9
I
1
2
0
0 0 0
108095-22,23
#nylinje
1
38.4
98.9
9
I
1
2
0
0 1 0
108095-24
#nylinje
1
108.1
168.4
9
I
2
3
0
0 0 0
108095-9_(Fast)
#nylinje
1
75
162.2
9
I
2
3
0
0 1 0
108095-11_(Dør)
#nylinje
4
88.4
98.9
9
I
2
2
0
0 0 0
108095-13
#nylinje
1
58.4
98.9
9
A
2
3
0
0 0 0
108118-3
#nylinje
20
36.5
98.3
9
I
1
2
0
0 0 0
108430-1,3_(Lukke)
#nylinje
4
58.4
58.3
9
I
2
2
0
0 0 0
108430-4,15
#nylinje
2
58.4
38.3
9
I
2
1
0
0 0 0
108430-6,16
#nylinje
2
65
97.2
9
I
2
2
0
0 1 0
108430-8,10_(Dør)
#nylinje
1
55
97.2
9
I
2
2
0
0 1 0
108430-17_(Dør)
#nylinje
1
68.1
198.4
3
A
2
6
0
0 0 0
108452
#nylinje
1
168.1
48.2
3
I
2
1
0
0 0 0
100462_(40_mm_midtstokk)
#andre ting
0
1
2
0
