#kundeinfo
19 02 2007
002
108035
8
#nylinje
4
68.4
98.9
9
C
2
3
0
0 0 0
108035-1
#nylinje
2
48.1
138.4
9
C
1
4
0
0 0 0
108035-3
#nylinje
4
28.4
128.9
9
C
1
4
0
0 0 0
108035-5
#nylinje
4
88.1
138.4
9
C
2
4
0
0 0 0
108035-7 (Fast)
#nylinje
2
78.4
98.9
9
C
2
3
0
0 0 0
108035-9,11 (Lukke)
#nylinje
1
88.1
48.4
9
C
2
1
0
0 0 0
108035-12
#nylinje
1
65
132.2
9
C
2
4
0
0 1 0
108035-14_(Dør)
#nylinje
2
58.3
132.2
9
C
2
4
0
0 0 0
108035-16,18
#nylinje
1
65
132.2
9
C
2
4
0
0 0 0
108035-19
#nylinje
1
65
97.2
9
C
2
3
0
0 1 0
108035-21_(Dør)
#andre ting
0
1
2
0
