#kundeinfo
19 02 2007
002
108205
8
#nylinje
2
88.4
98.9
9
G
2
3
0
0 0 0
108205-1
#nylinje
5
88.4
98.9
9
G
2
3
0
0 0 0
108205-6
#nylinje
3
88.4
98.9
9
G
2
3
0
0 0 0
108205-12
#nylinje
3
28.4
38.9
9
A
2
2
0
0 0 0
108205-13,17,17
#nylinje
1
75
97.2
9
G
2
3
0
0 0 0
108205-15
#nylinje
4
88.4
98.9
9
G
2
3
0
0 0 0
108205-18
#nylinje
2
88.4
88.9
9
G
2
3
0
0 0 0
108205-26
#nylinje
3
88.4
98.9
9
G
2
3
0
0 0 0
108205-34
#nylinje
2
88.4
98.9
9
G
2
3
0
0 0 0
108205-40
#nylinje
4
71.2
98.4
9
G
2
3
0
0 0 0
108205-35,37
#andre ting
1
0
2
0
