#kundeinfo
16 02 2007
002
108100,108180,108224
8
#nylinje
1
55
132.2
9
A
2
4
0
0 0 0
108100-1
#nylinje
1
58.4
28.3
9
A
3
2
0
0 0 0
108180-1
#nylinje
2
58.3
142.2
9
I
1
3
0
0 1 0
108074-6,7_(Dør)
#nylinje
2
58.4
78.9
9
G
2
3
0
0 0 0
108138-1
#nylinje
2
78.3
132.2
9
G
2
4
0
0 0 0
108141-1,3
#nylinje
2
58.4
84.9
9
A
1
2
0
0 0 0
108157-3,4
#nylinje
4
58.4
88.3
9
A
2
2
0
0 0 0
108224-1,3
#nylinje
2
38.4
88.3
9
A
2
2
0
0 0 0
108224-4
#nylinje
1
18.4
128.3
9
A
1
2
0
0 0 0
108224-1
#nylinje
5
68.4
88.3
9
A
2
2
0
0 0 0
108224-8
#nylinje
2
58.4
88.3
9
A
2
2
0
0 0 0
108224-10
#nylinje
1
88.1
168.4
9
A
2
3
0
0 0 0
108224-11
#nylinje
3
78.1
168.4
9
A
2
3
0
0 0 0
108224-13
#nylinje
2
78.1
102
9
A
2
2
0
0 0 0
108224-15,17_(Skråsprosser)
#nylinje
1
78.1
52.8
9
A
2
1
0
0 0 0
108224-19_(Skråsprosse)
#nylinje
1
55
87.2
9
A
2
2
0
0 0 0
108224-21
#andre ting
0
1
2
0
