#kundeinfo
20 07 2005
002
145733,145720
31
#nylinje
1
78.4
38.3
9
A
2
2
0
0
 145733-1
#nylinje
1
58.4
88.9
9
A
2
2
0
0
 145720-2
#nylinje
1
58.1
168.4
9
A
2
3
0
0
 145733-3
#nylinje
1
88.4
38.3
9
A
2
2
0
0
 145720-1
#nylinje
1
38.4
88.3
9
A
2
2
0
0
 145720-2
#nylinje
2
38.4
38.3
9
A
2
2
0
0
 145720-3
#nylinje
2
48.4
88.3
9
A
2
2
0
0
 145720-4
#nylinje
1
68.4
88.3
9
A
2
2
0
0
 145720-5
#nylinje
4
98.1
138.4
9
A
2
2
0
0
 145720-6
#nylinje
1
68.4
68.3
9
A
2
2
0
0
 145720-7
#nylinje
2
58.4
78.3
9
A
2
2
0
0
 145720-8
#nylinje
1
65
87
9
A
2
2
0
0
 145720-9
#andre ting
0
1
0
1
