#kundeinfo
13 01 2003
002
21491,21503
3
#nylinje
2
78.3
98.6
3
I
1
2
0
0
 21491-3
#nylinje
15
78.3
98.6
3
I
1
2
0
0
 21491-4
#nylinje
4
87.9
168
3
I
1
3
0
0
 21491-1
#nylinje
2
87.9
168
3
I
1
3
0
0
 21491-2
#nylinje
2
28.3
108.6
3
I
1
2
0
0
 21503-3
#nylinje
2
47.9
168
3
I
1
3
0
0
 21503-9
#nylinje
2
47.9
198
3
I
1
4
0
0
 21503-13
#nylinje
3
98.3
108.6
3
I
2
2
0
0
 21503-2
#nylinje
2
98.3
108.6
3
I
2
2
0
0
 21503-10
#nylinje
4
98.3
98.6
3
I
2
2
0
0
 21503-11
#nylinje
2
98.3
98.6
3
I
2
2
0
0
 21503-15
#nylinje
4
98.3
78.6
3
I
2
2
0
0
 21503-16
#nylinje
2
58.3
88.6
3
I
2
2
0
0
 21503-12
#nylinje
1
107.9
168
3
I
2
3
0
0
 21503-8
#nylinje
1
137.9
118
3
I
3
2
0
0
 21503-1
#nylinje
1
147.9
168
3
I
3
3
0
0
 21503-7
#andre ting
1
0
0
1
