#kundeinfo
31 01 2003
002
115843,115852,115885,115912
6
#nylinje
1
64.8
93.3
3
I
2
2
0
0
 115843-4
#nylinje
1
102.9
138.1
3
B
4
4
0
0
 115852-1
#nylinje
2
38.2
38
3
A
2
2
0
0
 115885-1
#nylinje
3
88.2
38
3
A
4
2
0
0
 115885-2
#nylinje
2
98.2
88
3
A
4
3
0
0
 115885-3
#nylinje
1
58.2
58
3
A
3
2
0
0
 115885-4
#nylinje
1
58.2
58
3
A
3
2
0
0
 115885-5
#nylinje
2
68.2
88
3
A
3
3
0
0
 115885-6
#nylinje
1
68.2
88
3
A
3
3
0
0
 115885-7
#nylinje
2
107.9
138.1
3
A
4
4
0
0
 115885-8
#nylinje
1
54.8
131.8
3
A
2
4
0
0
 115885-9
#nylinje
3
98.2
98.6
3
I
2
2
0
0
 115912-1
#andre ting
1
0
0
1
