#kundeinfo
17 01 2003
002
21546,115519
4
#nylinje
2
38.3
58.6
3
A
2
2
0
0
 21546-3
#nylinje
2
68.3
98.6
3
A
2
3
0
0
 21546-6
#nylinje
1
68.3
88.6
3
A
2
3
0
0
 21546-2
#nylinje
2
53.1
141.8
3
A
2
4
0
0
 21546-4
#nylinje
8
88.3
98.6
3
A
3
3
0
0
 21546-5
#nylinje
1
108.3
88.6
3
B
4
2
0
0
 21546-3
#nylinje
2
38.2
38
3
A
2
2
0
0
 115519-1
#nylinje
1
38.2
38
3
A
2
2
0
0
 115519-2
#nylinje
1
68.2
98
3
A
2
2
0
0
 115519-3
#nylinje
1
118.2
38
3
A
3
1
0
0
 115519-4
#nylinje
8
48
172.8
3
A
2
4
0
0
 115519-6
#nylinje
1
64.5
174.6
3
A
2
4
0
0
 115519-7
#andre ting
1
0
2
0
