#kundeinfo
28 01 2003
002
115765,115753
5
#nylinje
6
88.2
98.6
3
I
2
2
0
0
 115765-1
#nylinje
2
28.2
98.6
3
I
1
2
0
0
 115765-2
#nylinje
1
64.8
103.3
3
I
2
2
0
0
 115765-4
#nylinje
1
97.9
128.1
3
I
2
2
0
0
 115765-5
#nylinje
2
53
122.7
3
I
2
2
0
0
 115765-6
#nylinje
4
37.9
128.1
3
I
1
2
0
0
 115765-7
#nylinje
4
77.9
128.1
3
I
2
2
0
0
 115765-8
#nylinje
1
64.8
103.3
3
I
2
2
0
0
 115765-9
#nylinje
1
97.9
108.1
3
I
2
2
0
0
 115765-10
#nylinje
1
137.9
108.1
3
I
2
2
0
0
 115765-11
#nylinje
2
88.2
98.6
3
I
2
2
0
0
 115765-12
#nylinje
1
64.8
103.3
3
I
2
2
0
0
 115765-13
#nylinje
3
68.2
98.6
3
I
2
2
0
0
 115765-16
#nylinje
1
64.8
96.7
3
I
2
2
0
0
 115765-17
#nylinje
1
74.8
96.7
3
D
2
2
0
0
 115753-10
#andre ting
1
0
0
1
