#kundeinfo
13 02 2004
002
127040,126985,126981
8
#nylinje
2
78.7
39.1
3
B
4
2
0
0
 127040-2
#nylinje
1
78.7
69.1
3
B
4
3
0
0
 127040-1
#nylinje
2
65.3
117.2
3
A
2
3
0
0
 126985-7
#nylinje
6
78.7
59.1
3
A
2
2
0
0
 126985-6
#nylinje
8
78.7
99.1
3
A
2
3
0
0
 126985-4,5
#nylinje
2
78.7
119.1
3
A
2
3
0
0
 126985-2
#nylinje
6
78.7
119.1
3
A
2
3
0
0
 126985-1
#nylinje
1
75.3
142.3
3
D
2
2
0
0
 126981-6
#nylinje
2
88.4
148.6
3
H
2
2
0
0
 126981-5
#nylinje
1
28.7
99.1
3
D
1
2
0
0
 126981-4
#nylinje
7
68.7
99.1
3
D
2
2
0
0
 126981-3
#nylinje
1
88.7
99.1
3
D
2
2
0
0
 126981-2
#nylinje
2
78.7
99.1
3
D
2
2
0
0
 126981-1
#andre ting
1
0
2
0
