#kundeinfo
16 09 2003
002
122849,123310,123181
39
#nylinje
1
54.8
86.7
3
A
2
2
0
0
 122849-16
#nylinje
1
83.9
56.6
3
A
2
2
0
0
 122849-12
#nylinje
2
83.9
136.8
3
A
2
2
0
0
 122849-10,12
#nylinje
1
83.9
93.9
3
A
2
2
0
0
 122849-10
#nylinje
8
41.3
88
3
A
2
2
0
0
 122849-9
#nylinje
2
36.3
88
3
A
2
2
0
0
 122849-8
#nylinje
1
68.2
88
3
A
2
2
0
0
 122849-7
#nylinje
1
58.2
88
3
A
2
2
0
0
 122849-6
#nylinje
1
88.2
38
3
A
2
2
0
0
 122849-5
#nylinje
2
38.2
88
3
A
2
2
0
0
 122849-3,4
#nylinje
2
58.2
58
3
A
2
2
0
0
 122849-1,2
#nylinje
2
78.2
78.5
3
A
3
3
0
0
 123310
#nylinje
1
88.2
38.5
3
A
2
1
0
0
 123181 (Direkte)
#andre ting
1
0
0
1
