#kundeinfo
29 09 2003
002
123155,123115
40
#nylinje
2
54.8
86.7
3
A
2
3
0
0
 123155-13,14
#nylinje
6
83.9
139.8
3
A
1
3
0
0
 123155-7,8,9,10,11,12
#nylinje
4
41.3
88
3
A
3
3
0
0
 123155-6
#nylinje
1
58.2
88
3
A
3
3
0
0
 123155-5
#nylinje
4
38.2
88
3
A
2
3
0
0
 123155-3,4,4,4
#nylinje
2
58.2
58
3
A
3
2
0
0
 123155-1,2
#nylinje
2
64.8
76.7
3
I
2
2
0
0
 123115-7
#nylinje
2
74.8
116.7
3
I
2
2
0
0
 123115-6
#nylinje
4
53
161.8
3
I
2
2
0
0
 123115-5
#nylinje
4
38.2
98.6
3
I
1
2
0
0
 123115-4
#nylinje
8
98.2
98.6
3
I
2
2
0
0
 123115-3
#nylinje
2
107.9
148.1
3
I
2
2
0
0
 123115-2
#nylinje
4
57.9
168.1
3
I
2
2
0
0
 123115-1
#andre ting
1
0
0
1
