#kundeinfo
07 08 2003
002
121253,121235,121225
34
#nylinje
1
84.8
136.7
3
A
2
3
0
0
 121253-1
#nylinje
2
98.2
128.6
3
G
3
4
0
0
 121235-7
#nylinje
2
27.9
138.1
3
A
1
4
0
0
 121235-6
#nylinje
3
98.2
98.6
3
G
3
3
0
0
 121235-5
#nylinje
2
87.9
28.1
3
G
2
1
0
0
 121235-4
#nylinje
2
118.2
98.6
3
G
3
3
0
0
 121235-3
#nylinje
1
107.9
68.1
3
G
3
2
0
0
 121235-2
#nylinje
4
98.2
88.6
3
G
3
3
0
0
 121235-1
#nylinje
1
64.8
96.7
3
D
2
2
0
0
 121225-2
#nylinje
1
68.2
98.6
3
D
2
2
0
0
 121225-1
#nylinje
1
94.2
53
3
I
4
2
0
0
 120937-2
#nylinje
1
102
62
3
I
4
2
0
0
 120937-3
#nylinje
1
90.5
51
3
I
3
2
0
0
 120937-4
#andre ting
1
0
2
1
