#kundeinfo
26 02 2003
002
116546
12
#nylinje
2
78.2
38.6
3
I
2
1
0
0
 116546-1
#nylinje
2
78.2
108.6
3
D
2
2
0
0
 116546-2
#nylinje
1
64.8
106.7
3
D
2
2
0
0
 116546-3
#nylinje
4
77.9
148.1
3
D
2
2
0
0
 116546-4
#nylinje
3
78.2
128.6
3
D
2
2
0
0
 116546-5
#nylinje
2
78.2
28
3
I
2
1
0
0
 116546-6
#nylinje
1
64.8
141.8
3
D
2
2
0
0
 116546-8
#nylinje
2
28.2
138.6
3
D
1
2
0
0
 116546-9
#nylinje
2
68.2
128.6
3
D
2
2
0
0
 116546-10
#nylinje
1
78.2
58.6
3
I
2
2
0
0
 116546-11
#nylinje
1
64.8
136.7
3
D
2
2
0
0
 116546-12
#nylinje
1
68.2
138.6
3
D
2
2
0
0
 116546-14
#andre ting
1
0
0
1
