#kundeinfo
24 03 2009
036
_

#nylinje
1
77.6
98.6
3
A
2
2
0
0 0 0
13-1/1
#nylinje
4
28.4
138.8
3
A
1
2
0
0 0 0
13-1/2
#nylinje
2
69.6
128.6
3
A
2
3
0
0 0 0
13-1/3
#nylinje
2
78.4
138.8
3
A
2
3
0
0 0 0
13-1/4
#nylinje
1
79.6
128.6
3
A
2
3
0
0 0 0
13-1/5
#nylinje
1
77.6
134
3
A
2
3
0
0 0 0
13-1/6
#nylinje
4
89.6
98.6
3
A
2
2
0
0 0 0
L-13-1/1
#nylinje
1
79.6
98.6
3
A
2
2
0
0 0 0
L-13-1/2
#nylinje
1
99.6
108.6
3
A
2
2
0
0 0 0
L-13-1/3
#nylinje
2
39.6
98.6
3
A
1
2
0
0 0 0
L-13-1/4
#nylinje
1
89.6
38.6
3
A
2
1
0
0 0 0
L-13-1/5
#andre ting
0
1
0
0
