#kundeinfo
23 09 2009
036
693,723
39
#nylinje
2
98.4
109.2
3
G
2
3
0
0 0 0
693-1
#nylinje
2
79.6
89
3
G
2
3
0
0 0 0
693-2
#nylinje
1
39.6
59
3
G
2
3
0
0 0 0
693-3
#nylinje
1
67.6
99
3
G
2
3
0
0 0 0
693-5
#nylinje
10
79.6
99
3
G
2
3
0
0 0 0
723-1
#nylinje
1
79.6
99
3
G
2
3
0
0 0 0
723-1/
#nylinje
1
69.6
99
3
G
2
3
0
0 0 0
723-2
#nylinje
2
39.6
99
3
A
1
3
0
0 0 0
723-3
#nylinje
2
98.4
139.2
3
G
2
4
0
0 0 0
723-4
#nylinje
2
82.6
134.4
3
G
2
4
0
0 0 0
723-5
#nylinje
3
67.6
99
3
G
2
3
0
0 0 0
723-6
#nylinje
1
67.6
99
3
G
2
3
0
0 0 0
723-7
#andre ting
0
1
0
1
