#kundeinfo
29 09 2009
002
146207,146410
40
#nylinje
5
98.9
99.5
9
B
4
3
0
0 0 0
146207-1_(80mm)
#nylinje
4
55.4
145.5
9
A
2
4
0
0 0 0
146207-3
#nylinje
1
169.4
145.5
9
B2
6
4
0
0 0 0
146207-10_(80mm)
#nylinje
3
98.9
39.5
9
B
4
2
0
0 0 0
146207-5_(80mm)
#nylinje
1
65.3
142.6
9
G
2
4
0
0 0 0
146207-7_(80mm)
#nylinje
2
68.9
79.5
9
I
2
2
0
0 0 0
146199-1
#nylinje
1
28.8
49.5
9
I
1
2
0
0 0 0
146313-1
#nylinje
3
109.4
139.5
9
A
3
4
0
0 0 0
146410-1,1,3_(Skråsprosser)
#nylinje
1
58.9
129.5
9
A
2
4
0
0 0 0
146410-5
#nylinje
2
78.9
99.5
9
A
3
3
0
0 0 0
146410-7
#nylinje
1
98.9
99.5
9
A
3
3
0
0 0 0
146410-9
#nylinje
1
55.3
132.4
9
A
2
4
0
0 0 0
146410-12
#nylinje
4
58.9
79.5
9
A
2
3
0
0 0 0
146410-14
#nylinje
2
58.9
59.5
9
A
2
2
0
0 0 0
146410-16
#nylinje
4
41.95
99.5
9
A
2
3
0
0 0 0
146465-1,3
#nylinje
1
38.9
39.2
3
A
2
2
0
0 0 0
147401_(Direkte)
#andre ting
0
1
2
0
