#kundeinfo
29 09 2009
002
146632,146643,146774,146861,147056
41
#nylinje
1
38.9
69.5
9
A
1
2
0
0 0 0
146632-1
#nylinje
2
38.9
99.5
9
A
1
2
0
0 0 0
146632-3
#nylinje
4
36.85
37.05
9
A
2
2
0
0 0 0
146643-1,3
#nylinje
4
36.85
29.5
9
A
2
2
0
0 0 0
146643-4,6
#nylinje
2
63.47
149.5
9
A
2
3
0
0 0 0
146774-1,3
#nylinje
4
59.4
149.5
9
A
2
3
0
0 0 0
146774-4
#nylinje
3
65.3
87.4
9
A
2
2
0
0 0 0
146774-6,8,10
#nylinje
1
38.9
89.5
9
A
2
2
0
0 0 0
146774-11
#nylinje
9
48.9
89.5
9
A
2
2
0
0 0 0
146774-13
#nylinje
3
58.9
89.5
9
A
2
2
0
0 0 0
146774-15
#nylinje
2
48.9
89.5
9
A
2
2
0
0 0 0
146774-18
#nylinje
4
58.9
59.5
9
A
2
2
0
0 0 0
146861-1,3,4,4
#nylinje
2
88.9
39.5
9
A
2
1
0
0 0 0
146861-5
#nylinje
3
68.9
89.5
9
A
2
2
0
0 0 0
146861-7
#nylinje
2
88.9
89.5
9
A
2
2
0
0 0 0
146861-9
#nylinje
1
29.4
139.5
9
A
1
3
0
0 0 0
146861-11
#nylinje
2
109.4
139.5
9
A
3
3
0
0 0 0
146861-13
#nylinje
1
55.3
132.4
9
A
2
3
0
0 1 0
146861-15_(Inndeling)
#nylinje
5
58.9
59.5
9
I
2
2
0
0 0 0
147056-1,3,3,4,4
#nylinje
1
38.9
89.5
9
I
2
2
0
0 0 0
147056-5
#nylinje
2
58.9
89.5
9
I
2
2
0
0 0 0
147056-7
#nylinje
3
98.9
89.5
9
I
2
2
0
0 0 0
147056-9
#andre ting
0
1
2
0
