#kundeinfo
26 04 2010
036
_
16
#nylinje
4
59.6
99
3
A
2
2
0
0 0 0
370-1
#nylinje
2
89.6
99
3
A
2
2
0
0 0 0
370-2
#nylinje
2
89.6
119
3
A
2
3
0
0 0 0
370-3
#nylinje
2
56.8
139
3
A
2
3
0
0 0 0
370-4
#nylinje
5
89.6
139
3
A
2
3
0
0 0 0
370-5
#nylinje
1
66.8
139
3
A
2
3
0
0 0 0
370-6
#nylinje
1
89.6
89
3
A
2
2
0
0 0 0
370-7
#nylinje
2
39.6
69
3
A
1
2
0
0 0 0
370-8
#nylinje
2
89.6
129
3
A
2
3
0
0 0 0
370-9
#nylinje
1
66.8
139
3
A
2
3
0
0 0 0
370-10
#nylinje
2
89.6
39
3
A
2
1
0
0 0 0
370-11
#andre ting
0
1
0
1
