#kundeinfo
26 02 2008
002
124403,124506,124533,124555,124600
11
#nylinje
4
88.1
108.4
9
I
2
3
0
0 0 0
124403-1
#nylinje
1
88.4
38.9
9
I
2
1
0
0 0 0
124506-1
#nylinje
2
68.4
88.3
9
I
2
2
0
0 0 0
124533-1
#nylinje
1
55
102.3
9
I
2
2
0
0 0 0
124533-21
#nylinje
1
138.1
108.4
9
I
3
2
0
0 0 0
124533-5
#nylinje
1
138.1
128.4
9
I
3
2
0
0 1 0
124533-7_(Inndeling)
#nylinje
1
138.1
58.4
9
I
3
1
0
0 0 0
124533-9
#nylinje
3
38.4
88.3
9
I
2
2
0
0 0 0
124533-11
#nylinje
1
38.4
48.3
9
I
2
2
0
0 0 0
124533-13
#nylinje
2
148.1
158.4
9
A
4
4
0
0 0 0
124555-1_(Hengsler)
#nylinje
1
104.4
28.3
9
A
3
1
0
0 0 0
124660-1
#andre ting
0
1
2
0
