#kundeinfo
11 05 2006
020
50860,50861,50862,50895
20
#nylinje
2
38.6
39
3
A
2
2
0
0 0 0
50860-1
#nylinje
1
88.8
49
3
A
2
2
0
0 0 0
50861-1
#nylinje
1
58.8
69
3
A
2
2
0
0 0 0
50861-2
#nylinje
1
58.8
69
3
A
2
2
0
0 0 0
50861-3
#nylinje
2
98.8
138.8
3
A
2
3
0
0 0 0
50861-4
#nylinje
1
28.8
29
3
A
2
2
0
0 0 0
50861-5
#nylinje
2
78.8
89
3
A
2
2
0
0 0 0
50861-6
#nylinje
1
88.8
49
3
A
2
2
0
0 0 0
50862-1
#nylinje
1
58.8
69
3
A
2
2
0
0 0 0
50862-2
#nylinje
1
58.8
69
3
A
2
2
0
0 0 0
50862-3
#nylinje
2
98.8
138.8
3
A
2
3
0
0 0 0
50862-4
#nylinje
1
28.8
29
3
A
2
2
0
0 0 0
50862-5
#nylinje
2
78.8
89
3
A
2
2
0
0 0 0
50862-6
#nylinje
2
37.2
99.5
3
A
2
4
0
0 0 0
Knut
#nylinje
4
68.8
59
3
A
2
2
0
0 0 0
50895-1
#nylinje
2
46.9
118.8
3
A
2
4
0
0 0 0
50895-2
#andre ting
0
1
0
1
