#kundeinfo
29 05 2006
002
158079,157903
22
#nylinje
1
148.1
128.4
9
A
5
3
0
0 0 0
158079-1
#nylinje
2
58.4
88.9
9
A
2
3
0
0 0 0
157903-1
#nylinje
1
98.4
88.3
9
A
3
3
0
0 0 0
157903-2_(Lukke)
#nylinje
1
55
87
9
A
2
3
0
0 1 0
157903-3_(Dør)
#nylinje
1
38.4
38.3
9
A
2
2
0
0 0 0
157903-4
#nylinje
3
38.4
88.3
9
A
2
3
0
0 0 0
157903-5,6,6
#nylinje
4
98.4
88.3
9
A
3
3
0
0 0 0
157903-7,8,8,8
#nylinje
3
108.1
138.4
9
A
3
4
0
0 0 0
157903-9
#nylinje
1
55
169.5
9
A
2
5
0
0 0 0
157903-10
#andre ting
0
1
0
1
