#kundeinfo
11 05 2006
002
157857,157835
20
#nylinje
2
38.4
88.3
9
I
2
2
0
0 0 0
157857-1,2
#nylinje
2
58.4
88.3
9
I
2
2
0
0 0 0
157857-3,4
#nylinje
3
38.4
38.3
9
I
2
2
0
0 0 0
157857-5
#nylinje
2
38.4
88.3
9
I
2
2
0
0 0 0
157857-6
#nylinje
1
78.4
88.3
9
I
2
2
0
0 0 0
157857-7
#nylinje
6
78.4
88.3
9
I
2
2
0
0 0 0
157857-8_(Lukke)
#nylinje
2
98.4
38.3
9
I
2
1
0
0 0 0
157857-9
#nylinje
1
55
87
9
I
2
2
0
0 1 0
157857-10_(Dør)
#nylinje
2
28.1
168.2
9
A
2
4
0
0 0 0
157835-1
#nylinje
1
68.1
168.2
9
A
3
4
0
0 0 0
157835-2
#andre ting
0
1
0
1
