#kundeinfo
30 05 2006
002
157760
22
#nylinje
1
75
97
9
D
2
2
0
0 0 0
157760-1
#nylinje
2
138.1
138.4
9
D
3
2
0
0 0 0
157760-2_(M/midtbue)
#nylinje
2
38.1
138.4
9
D
1
2
0
0 0 0
157760-3
#nylinje
1
118.4
38.9
9
I
3
1
0
0 0 0
157760-4
#nylinje
1
118.4
98.9
9
D
3
2
0
0 0 0
157760-5_(M/midtbue)
#nylinje
3
68.4
98.9
9
D
2
2
0
0 0 0
157760-6
#nylinje
2
53.2
132
9
D
2
2
0
0 0 0
157760-8
#nylinje
2
65
96.9
9
D
2
2
0
0 0 0
157760-9,10
#nylinje
4
118.4
98.9
9
D
3
2
0
0 0 0
157760-11_(M/midtbue)
#nylinje
3
68.4
98.9
9
D
2
2
0
0 0 0
157760-12
#nylinje
1
65
97
9
D
2
2
0
0 0 0
157760-13
#andre ting
0
1
2
0
