#kundeinfo
29 05 2006
002
157922,157424,157410
22
#nylinje
5
38.4
88.3
9
A
2
2
0
0 0 0
157922-1,2,7,7,8
#nylinje
2
58.4
88.3
9
A
2
2
0
0 0 0
157922-3,4
#nylinje
2
68.4
88.3
9
A
2
2
0
0 0 0
157922-9,10
#nylinje
2
78.4
88.3
9
A
2
2
0
0 0 0
157922-11
#nylinje
2
98.4
38.3
9
A
2
1
0
0 0 0
157922-12
#nylinje
2
78.4
118.3
9
A
2
2
0
0 0 0
157922-13
#nylinje
1
55
87
9
A
2
2
0
0 1 0
157922-14_(Dør)
#nylinje
2
58.4
88.3
9
A
2
2
0
0 0 0
157922-15,16_(Lukke)
#nylinje
2
38.4
88.3
9
A
2
2
0
0 0 0
157922-18,19
#nylinje
2
65
132.1
9
A
2
3
0
0 1 0
157424-1,2_(Flukte_1384)_
#nylinje
8
38.4
98.9
9
A
2
3
0
0 0 0
157410-1_(Hengsler)_Umalt
#nylinje
1
78.4
98.9
9
A
3
3
0
0 0 0
157410-2_(Hengsler)_Umalt
#andre ting
0
1
2
0
