#kundeinfo
11 05 2006
002
157917
20/21
#nylinje
2
58.4
58.3
9
A
2
2
0
0 0 0
157917-1,2
#nylinje
3
38.4
88.3
9
A
2
2
0
0 0 0
157917-3
#nylinje
2
38.4
38.3
9
A
2
2
0
0 0 0
157917-4
#nylinje
1
58.4
88.3
9
A
2
2
0
0 0 0
157917-5
#nylinje
6
68.4
88.3
9
A
2
2
0
0 0 0
157917-6,6,6,6,7,7_(Lukke)
#nylinje
2
98.4
88.3
9
A
2
2
0
0 0 0
157917-8
#nylinje
2
48.1
168.4
9
A
2
3
0
0 0 0
157917-9
#nylinje
3
108.1
168.4
9
A
2
3
0
0 0 0
157917-10
#nylinje
2
55
87
9
A
2
2
0
0 0 0
157917-11,12_(Dør)
#andre ting
0
1
2
0
