#kundeinfo
29 05 2006
002
158218,158171
22
#nylinje
2
58.4
78.3
9
A
2
2
0
0 0 0
158218-1,2
#nylinje
2
58.4
88.3
9
A
2
2
0
0 0 0
158218-3,4
#nylinje
3
38.4
88.3
9
A
2
2
0
0 0 0
158218-5
#nylinje
5
68.4
88.3
9
A
2
2
0
0 0 0
158218-6,6,6,7,7
#nylinje
2
98.4
88.3
9
A
2
2
0
0 0 0
158218-8_(Lukke)
#nylinje
1
55
87
9
A
2
2
0
0 1 0
158218-9_(Dør)
#nylinje
2
48.1
168.4
9
A
2
3
0
0 0 0
158218-10
#nylinje
2
108.1
168.4
9
A
2
3
0
0 0 0
158218-11
#nylinje
7
88.4
88.9
9
A
2
2
0
0 0 0
158171-1,1,1,1,1,2,2
#andre ting
0
1
2
0
