#kundeinfo
30 05 2006
002
157843,157823
22
#nylinje
4
88.4
98.9
9
D
2
2
0
0 0 0
157843-2
#nylinje
1
88.4
38.9
9
D
2
1
0
0 0 0
157843-3
#nylinje
2
58.4
78.9
9
D
2
2
0
0 0 0
157843-4
#nylinje
1
48.1
98.4
9
D
1
2
0
0 0 0
157843-6
#nylinje
1
75
162.1
9
D
2
2
0
0 0 0
157843-7
#nylinje
4
58.4
88.3
9
A
2
2
0
0 0 0
157823-1,2
#nylinje
4
38.4
88.3
9
A
2
2
0
0 0 0
157823-4
#nylinje
2
98.4
38.3
9
A
2
1
0
0 0 0
157823-5
#nylinje
4
78.4
88.3
9
A
2
2
0
0 0 0
157823-6_(Lukke)
#nylinje
3
78.1
138.4
9
A
2
3
0
0 0 0
157823-7
#nylinje
1
55
87
9
A
2
2
0
0 1 0
157823-8_(Dør)
#andre ting
0
1
2
0
