#kundeinfo
20 09 2010
002
159106,159143
38
#nylinje
1
38.9
89.5
9
A
2
4
0
0 0 0
159071-1
#nylinje
1
63.4
73.5
9
A
2
2
0
0 0 0
159088-1
#nylinje
1
88.9
89.5
9
A
3
3
0
0 0 0
159106-1
#nylinje
1
84.9
45.5
9
A
3
2
0
0 0 0
159106-3
#nylinje
6
139.4
169.5
9
D
1
2
0
0 0 0
159143-4_(se_tegning)
#nylinje
3
98.9
99.5
9
I
2
2
0
0 0 0
159143-6
#nylinje
1
65.3
97.6
9
I
2
3
0
0 0 0
159143-8
#nylinje
1
75.3
97.6
9
I
2
3
0
0 0 0
159143-10
#nylinje
1
128.9
29.5
9
I
2
1
0
0 0 0
159143-12_(se_tegning)
#nylinje
2
39.4
169.5
9
I
1
4
0
0 1 0
159143-14_(Inndeling)
#nylinje
2
53.4
162.6
9
I
2
4
0
0 1 0
159143-16,18_(Inndeling)
#nylinje
3
58.9
59.5
9
I
2
2
0
0 0 0
159143-19
#nylinje
2
98.9
99.5
9
I
2
2
0
0 0 0
159143-21
#nylinje
1
75.3
97.6
9
I
2
3
0
0 0 0
159143-22
#andre ting
0
1
2
0
