#kundeinfo
23 09 2010
036
614
38
#nylinje
5
69.6
119
3
I
2
2
0
0 0 0
614-1
#nylinje
4
79.6
99
3
I
2
2
0
0 0 0
614-2,4,4,14
#nylinje
2
79.6
119
3
I
2
2
0
0 0 0
614-3,5
#nylinje
4
38.4
129.2
3
I
1
2
0
0 0 0
614-6
#nylinje
4
78.4
129.2
3
I
2
2
0
0 0 0
614-7
#nylinje
2
39.6
99
3
I
1
2
0
0 0 0
614-8,15
#nylinje
2
39.6
59
3
I
2
2
0
0 0 0
614-11
#nylinje
3
69.6
99
3
I
2
2
0
0 0 0
614-12,12,13
#nylinje
2
56.8
124.4
3
I
1
2
0
0 0 0
614-16
#nylinje
1
76.8
99
3
I
2
2
0
0 0 0
614-17
#nylinje
1
66.8
99
3
I
2
2
0
0 0 0
614-18
#andre ting
0
1
0
1
