#kundeinfo
09 09 2010
002
159429,159453,159872
37
#nylinje
3
38.9
89.5
9
A
2
2
0
0 0 0
159429-1,5,6
#nylinje
1
55.3
87.6
9
A
2
2
0
0 0 0
159429-3
#nylinje
3
98.9
89.5
9
B
4
2
0
0 0 0
159429-7,9,9
#nylinje
2
109.4
169.5
9
B
4
3
0
0 0 0
159429-10
#nylinje
6
29.4
169.5
9
A
1
3
0
0 0 0
159429-12
#nylinje
1
69.4
169.5
9
A
2
3
0
0 0 0
159429-14
#nylinje
1
55.3
162.6
9
A
2
3
0
0 1 0
159429-17_(Inndeling)
#nylinje
4
38.9
89.5
9
A
2
3
0
0 0 0
159453-1,3
#nylinje
2
41.95
89.5
9
A
2
3
0
0 0 0
159453-9,10
#nylinje
5
58.9
89.5
9
A
2
2
0
0 0 0
159872-1,1,3,3,4
#nylinje
6
68.9
89.5
9
A
2
2
0
0 0 0
159872-5,5,5,7,7,30
#nylinje
1
98.9
89.5
9
A
3
2
0
0 0 0
159872-8
#nylinje
1
49.4
139.5
9
A
1
3
0
0 0 0
159872-10
#nylinje
2
69.4
169.5
9
A
2
3
0
0 0 0
159872-12
#nylinje
2
99.4
169.5
9
A
2
3
0
0 0 0
159872-14
#nylinje
2
49.4
169.5
9
A
1
3
0
0 0 0
159872-16
#nylinje
1
55.3
162.6
9
A
2
3
0
0 1 0
159872-18_(Inndeling)
#nylinje
1
55.3
87.6
9
A
2
2
0
0 0 0
159872-20
#andre ting
0
1
2
0
