#kundeinfo
27 09 2010
002
_
39
#nylinje
2
38.9
99.5
9
I
1
2
0
0 0 0
159529-1,3
#nylinje
1
98.9
39.5
9
I
2
1
0
0 0 0
159529-4
#nylinje
1
78.9
119.5
9
G
2
2
0
0 1 0
159549-1_(80mm,_Inndeling)
#nylinje
2
58.4
158.3
9
A
2
4
0
0 0 0
159604-1,3
#nylinje
2
89.4
149.5
9
A
2
3
0
0 0 0
159604-4
#nylinje
1
99.4
129.5
9
I
1
3
0
0 0 0
159623-1
#nylinje
2
89.4
109.5
9
G
2
3
0
0 0 0
159669-1
#nylinje
3
58.9
99.5
9
G
2
3
0
0 0 0
159669-3
#nylinje
2
78.9
99.5
9
G
2
3
0
0 0 0
159703-1
#nylinje
1
78.9
115.5
9
G
2
3
0
0 0 0
159703-3
#nylinje
2
28.8
29.5
9
A
2
2
0
0 0 0
159844-1
#nylinje
1
65.3
97.6
9
A
2
3
0
0 0 0
159849-1
#nylinje
3
32.87
79.4
9
A
2
3
0
0 0 0
159921-1,3,5
#nylinje
1
38.9
59.5
9
A
2
2
0
0 0 0
159921-7
#nylinje
2
41.95
79.4
9
A
2
3
0
0 0 0
159921-13,11
#nylinje
2
78.9
39.5
9
A
3
2
0
0 0 0
159921-14
#nylinje
3
36.2
79.5
9
A
2
3
0
0 0 0
159921-16,18,19
#nylinje
1
67.5
78
2
A
2
2
1
0 0 0
161883
#nylinje
1
63.5
100
2
A
2
2
1
0 0 0
161883
#nylinje
1
47
139
2
A
2
3
1
0 0 0
161883
#nylinje
1
47
42
2
A
2
2
1
0 0 0
161883
#nylinje
9
69.4
99.9
3
A
2
2
0
0 0 0
139359_(Direkte)
#nylinje
1
65.8
97.9
3
A
2
2
0
0 1 0
139359_(Direkte/Inndeling)
#andre ting
0
1
2
0
