#kundeinfo
09 09 2010
002
159888,160616
37
#nylinje
5
38.9
89.5
9
A
2
2
0
0 0 0
159888-1,3,17,18,19
#nylinje
2
58.9
89.5
9
A
2
2
0
0 0 0
159888-4,6
#nylinje
2
58.9
59.5
9
A
2
2
0
0 0 0
159888-7,9
#nylinje
1
38.9
39.5
9
A
2
2
0
0 0 0
159888-10
#nylinje
1
18.8
89.5
9
A
1
2
0
0 0 0
159888-12
#nylinje
2
78.9
89.5
9
A
2
2
0
0 0 0
159888-14,16
#nylinje
2
98.9
39.5
9
A
2
1
0
0 0 0
159888-20
#nylinje
2
78.9
119.5
9
A
2
2
0
0 0 0
159888-22,24
#nylinje
4
89.4
129.5
9
A
2
3
0
0 0 0
159888-25
#nylinje
1
55.3
117.6
9
A
2
2
0
0 0 0
159888-27
#nylinje
2
52
89.5
3
A
2
3
0
0 0 0
160616
#nylinje
2
26.9
79.5
3
A
1
3
0
0 0 0
160616
#nylinje
1
59.4
59.5
3
A
2
2
0
0 0 0
160693_(Direkte)
#nylinje
1
75.3
97.6
9
G
2
3
0
0 1 0
156292-8_(Direkte)
#andre ting
0
1
2
0
