#kundeinfo
09 09 2010
002
158426,158681
37
#nylinje
1
55.3
97.6
9
A
2
2
0
0 0 0
158426-1
#nylinje
3
78.9
29.5
9
A
2
2
0
0 0 0
158426-3
#nylinje
2
78.9
79.5
9
A
2
2
0
0 0 0
158426-5
#nylinje
1
28.8
79.5
9
A
2
2
0
0 0 0
158426-7
#nylinje
4
109.4
139.5
9
G
2
3
0
0 0 0
158681-1
#nylinje
2
98.9
129.5
9
G
2
3
0
0 0 0
158681-3
#nylinje
7
78.9
99.5
9
G
2
3
0
0 0 0
158681-5,5,9,9,9,9,9
#nylinje
1
65.3
132.6
9
G
2
3
0
0 0 0
158681-7
#nylinje
1
65.3
97.6
9
G
2
3
0
0 0 0
158681-10
#nylinje
1
98.9
99.5
9
G
2
3
0
0 0 0
158681-19
#nylinje
3
109.4
49.5
9
I
3
1
0
0 0 0
158944-1
#nylinje
6
98.9
59.5
9
A
5
2
0
0 0 0
159331-1
#nylinje
1
58.9
99.5
9
A
2
5
0
0 0 0
159331-3
#andre ting
0
1
2
0
