#kundeinfo
20 09 2010
002
159273,159285,159427
38
#nylinje
3
48.9
69.5
9
A
2
2
0
0 0 0
159237-1
#nylinje
1
48.9
49.5
9
A
2
2
0
0 0 0
159237-3
#nylinje
2
76.9
89.5
9
A
3
3
0
0 0 0
159240-1
#nylinje
1
103.9
39.5
9
B
4
2
0
0 0 0
159273-1
#nylinje
1
103.9
79.5
9
B
4
3
0
0 0 0
159273-3
#nylinje
3
68.9
89.5
9
A
2
3
0
0 0 0
159285-1
#nylinje
2
58.4
87.6
9
A
2
3
0
0 0 0
159285-3,5
#nylinje
1
69.4
89.5
9
A
2
2
0
0 1 0
159296-1_(Inndeling)
#nylinje
1
118.9
89.5
9
I
2
1
0
0 0 0
159427-1
#nylinje
1
119.4
159.5
9
D
1
2
0
0 1 0
159427-3_(Inndeling)
#nylinje
2
215.4
149.5
9
I
2
2
0
0 1 0
159427-5_(Inndeling)
#nylinje
8
69.7
80.1
3
I
2
2
0
0 0 0
159143-1,3
#nylinje
1
82
58.6
3
I
2
2
0
0 0 0
139359_(Direkte)
#andre ting
0
1
2
0
