#kundeinfo
23 04 2007
002
109889,110213,110325,110473
17
#nylinje
8
31.5
78.3
9
A
2
3
0
0 0 0
109889-1,3
#nylinje
1
58.4
38.3
9
A
4
2
0
0 0 0
109889-4
#nylinje
2
98.1
48.4
9
I
2
1
0
0 0 0
110213-1
#nylinje
1
58.4
58.3
9
G
2
2
0
0 0 0
110213-3
#nylinje
4
58.4
88.3
9
A
2
2
0
0 0 0
110325-1,3
#nylinje
8
78.4
88.3
9
A
2
2
0
0 0 0
110325-4,4,6,6,6,6,6,6
#nylinje
2
98.4
88.3
9
A
2
2
0
0 0 0
110325-7
#nylinje
1
55
87.2
9
A
2
2
0
0 0 0
110325-9
#nylinje
2
58.4
58.3
9
A
3
2
0
0 0 0
110473-1,3
#nylinje
3
38.4
88.3
9
A
2
3
0
0 0 0
110473-4,4,6
#nylinje
1
58.4
88.3
9
A
2
3
0
0 0 0
110473-7
#nylinje
1
68.4
88.3
9
A
3
3
0
0 0 0
110473-9
#nylinje
4
41.5
88.3
9
A
2
3
0
0 0 0
110473-11,13_(Lukke)
#nylinje
2
55
87.2
9
A
2
3
0
0 0 0
110473-14,16
#nylinje
6
98.1
138.4
9
A
2
3
0
0 0 0
110473-17
#andre ting
0
1
0
1
