#kundeinfo
27 04 2007
002
110511,110044,110099
18
#nylinje
2
38.4
88.3
9
A
2
3
0
0 0 0
110511-1,3
#nylinje
2
48.4
88.3
9
A
2
3
0
0 0 0
110511-4,6
#nylinje
8
98.4
88.3
9
B
4
3
0
0 0 0
110511-7
#nylinje
2
38.4
88.3
9
A
2
3
0
0 0 0
110511-9
#nylinje
1
98.4
38.3
9
B
4
2
0
0 0 0
110511-10
#nylinje
2
108.1
148.4
9
B
4
4
0
0 0 0
110511-12_(Fast)
#nylinje
2
58.3
142.2
9
A
2
4
0
0 1 0
110511-14,16_(Dør)
#nylinje
1
65
87.2
9
A
2
3
0
0 0 0
110511-17
#nylinje
2
28.4
98.9
9
A
1
3
0
0 1 0
110044-1_(Inndeling)
#nylinje
1
128.1
108.4
9
B
4
3
0
0 0 0
110044-5
#nylinje
1
78.4
98.9
9
G
2
3
0
0 0 0
110044
#nylinje
4
98.1
148.4
9
I
2
3
0
0 0 0
110099_(Fast)
#nylinje
2
28.4
98.9
9
I
1
2
0
0 0 0
110099-5
#nylinje
2
75
142.2
9
I
2
3
0
0 1 0
110099-7,9_(Dør)
#andre ting
0
1
2
0
