#kundeinfo
23 04 2007
020
51469,51511
19
#nylinje
14
39.6
69.6
3
A
2
3
0
0 0 0
51469-1
#nylinje
15
39.6
69.6
3
A
2
3
0
0 0 0
51469-2
#nylinje
1
39.6
69.6
3
A
2
3
0
0 0 0
51469-3
#nylinje
4
37.7
89.6
3
A
2
3
0
0 0 0
51511-1
#nylinje
4
32.7
79.6
3
A
2
3
0
0 0 0
51511-2
#nylinje
10
32.7
69.6
3
A
2
3
0
0 0 0
51511-3
#nylinje
1
60.9
94.9
3
A
3
4
0
0 0 0
Dannevig
#nylinje
6
46.2
118.1
3
A
2
3
0
0 0 0
51537-1
#nylinje
3
138.8
188.8
3
I
2
3
0
0 0 0
51549
#nylinje
4
38.2
90.2
3
A
2
3
0
0 0 0
51500-1,2
#andre ting
0
1
0
1
