#kundeinfo
23 04 2007
002
109837,109849,109946
17
#nylinje
2
68.1
117.2
9
G
2
3
0
0 0 0
109837-1,3
#nylinje
4
58.4
58.3
9
A
2
2
0
0 0 0
109849-1
#nylinje
2
78.4
78.3
9
A
3
3
0
0 0 0
109849-3
#nylinje
3
98.1
48.4
9
A
3
2
0
0 0 0
109849-5
#nylinje
1
88.4
38.3
9
A
3
2
0
0 0 0
109849-7
#nylinje
2
78.4
58.9
9
G
2
2
0
0 0 0
109946-3
#nylinje
5
78.4
88.9
9
G
2
3
0
0 0 0
109946-5
#nylinje
1
28.4
98.9
9
A
1
3
0
0 0 0
109946-18
#nylinje
1
78.4
38.9
9
G
2
2
0
0 0 0
109946-20
#nylinje
2
68.3
97.2
9
G
2
3
0
0 0 0
109946-7,9
#nylinje
10
78.4
98.9
9
G
2
3
0
0 0 0
109946
#nylinje
1
28.1
188.4
9
A
1
5
0
0 0 0
109969-1
#nylinje
1
88.4
88.3
9
A
2
2
0
0 0 0
110090-1_(Hengsler)
#nylinje
1
38.2
38.2
9
A
2
2
0
0 0 0
109893_(Plugges_T_V)
#andre ting
0
1
2
0
