#kundeinfo
26 01 2007
002
105881,106236,106392,106501
5
#nylinje
2
78.1
168.4
9
A
2
4
0
0 0 0
105881-1
#nylinje
4
88.4
118.9
9
A
2
3
0
0 0 0
105881-3
#nylinje
2
38.4
118.9
9
A
1
3
0
0 0 0
105881-5
#nylinje
1
68.4
88.9
9
A
2
3
0
0 0 0
105881-7
#nylinje
1
88.4
38.9
9
A
2
2
0
0 0 0
105881-9
#nylinje
4
68.4
98.9
9
A
2
3
0
0 0 0
105881-11
#nylinje
2
28.4
98.9
9
A
1
3
0
0 0 0
105881-13
#nylinje
1
65
97.2
9
A
2
3
0
0 0 0
105881-15
#nylinje
1
75
162.2
9
A
2
4
0
0 0 0
105881-17
#nylinje
1
75
97.2
9
A
2
3
0
0 0 0
105881-19
#nylinje
1
28.4
118.9
9
D
1
2
0
0 0 0
106236-1
#nylinje
6
78.4
98.3
9
G
2
3
0
0 0 0
106392-1
#nylinje
2
78.4
38.3
9
A
3
2
0
0 0 0
106501-1
#nylinje
1
75
97.2
9
H
2
2
0
0 0 0
106501-3
#andre ting
0
1
2
0
