#kundeinfo
21 12 2005
002
152666
1
#nylinje
4
98.1
148.4
9
I
2
3
0
0
 152666-1 (Fast)
#nylinje
3
78.1
148.4
9
I
2
3
0
0
 152666-2
#nylinje
2
88.1
148.4
9
I
2
3
0
0
 152666-3
#nylinje
5
88.4
98.9
9
I
2
2
0
0
 152666-4 (Glide)
#nylinje
1
78.4
98.9
9
I
2
2
0
0
 152666-5
#nylinje
1
38.4
98.9
9
I
2
2
0
0
 152666-6
#nylinje
1
58.4
58.9
9
I
2
2
0
0
 152666-8
#nylinje
1
65
97
9
I
2
2
0
0
 152666-9 (Dør)
#nylinje
1
65
142.1
9
I
2
3
0
0
 152666-10 (Dør)
#nylinje
1
55
97
9
I
2
2
0
0
 152666-11 (Dør)
#nylinje
1
65
96.9
9
I
2
2
0
0
 152666-12 (Dør)
#andre ting
0
1
2
0
