#kundeinfo
08 09 2005
002
147788,147420,148941
38
#nylinje
2
78.4
58.3
9
G
2
2
0
0
 147788-6
#nylinje
4
78.4
38.3
9
G
2
1
0
0
 147788-7
#nylinje
4
38.4
88.3
9
A
2
2
0
0
 147420-1,2
#nylinje
1
58.4
88.3
9
A
2
2
0
0
 147420-3
#nylinje
5
68.4
88.3
9
A
2
2
0
0
 147420-4,4,4,5,5
#nylinje
1
98.4
88.3
9
A
2
2
0
0
 147420-6
#nylinje
2
68.4
88.3
9
A
2
2
0
0
 147420-7,8
#nylinje
2
48.1
168.4
9
A
2
3
0
0
 147420-9
#nylinje
3
108.1
168.4
9
A
2
3
0
0
 147420-10
#nylinje
2
55
87
9
A
2
2
0
0
 147420-11,12
#nylinje
4
79.9
58.8
6
G
2
2
0
0
 148941 (m/spor,hengsler)
#andre ting
0
1
2
0
