#kundeinfo
23 09 2005
002
148096,147728
39
#nylinje
7
88.4
98.9
9
A
2
2
0
0
 148096-1
#nylinje
5
98.4
38.3
9
I
2
1
0
0
 148096-3
#nylinje
1
158.1
168.4
9
G
3
2
0
0
 148096-4
#nylinje
1
58.4
98.3
9
A
3
3
0
0
 147728-1
#nylinje
4
36.5
98.3
9
A
2
3
0
0
 147728-2
#nylinje
2
41.5
38.3
9
A
2
2
0
0
 147728-3
#nylinje
2
41.5
138.3
9
A
2
4
0
0
 147728-4
#nylinje
3
39.2
138.3
9
A
2
4
0
0
 147728-5
#nylinje
2
41.5
98.3
9
A
2
3
0
0
 147728-6
#nylinje
2
48.4
58.3
9
A
2
2
0
0
 147728-9
#nylinje
2
38.4
98.3
9
A
2
3
0
0
 147728-10,11
#nylinje
2
88.4
38.3
9
A
3
2
0
0
 147728-12
#andre ting
0
1
2
0
