#kundeinfo
08 09 2005
002
147330,147970,148654,148604
37
#nylinje
2
58.4
58.3
9
A
3
2
0
0
 147330-1,2
#nylinje
3
38.4
88.3
9
A
2
3
0
0
 147330-3,4,4
#nylinje
1
58.4
88.3
9
A
2
3
0
0
 147330-5
#nylinje
1
68.4
88.3
9
A
2
3
0
0
 147330-6
#nylinje
4
41.5
88.3
9
A
2
3
0
0
 147330-7
#nylinje
6
84.1
137.1
9
A
1
3
0
0
 147330-8,9,10,11,12,13
#nylinje
2
55
87
9
A
2
3
0
0
 147330-14,15
#nylinje
1
78.7
99
9
D
2
2
0
0
 147970
#nylinje
2
158.4
98.7
9
A
4
3
0
0
 148654-1
#nylinje
1
218.1
138.2
9
A
5
3
0
0
 148654-2
#nylinje
6
51.9
93.8
9
A
2
3
0
0
 148604-1
#nylinje
1
78.1
108.4
9
A
3
3
0
0
 147989-1
#nylinje
1
68.4
63.3
9
A
3
3
0
0
 147877-1
#nylinje
2
58.2
142.1
9
D
1
2
0
0
 147866-1 (3 ruter)
#nylinje
1
86
36
9
A
3
2
0
0
 147877-2
#andre ting
0
1
0
1
