#kundeinfo
23 09 2005
002
148439
40
#nylinje
4
108.1
138.4
9
H
2
2
0
0
 148439-1
#nylinje
4
58.1
138.4
9
H
1
2
0
0
 148439-2
#nylinje
4
58.2
132.1
9
H
1
2
0
0
 148439-3
#nylinje
6
58.1
108.4
9
H
1
2
0
0
 148439-4
#nylinje
1
98.4
98.9
9
H
2
2
0
0
 148439-5
#nylinje
6
98.4
98.9
9
H
2
2
0
0
 148439-6
#nylinje
1
48.4
98.9
9
H
1
2
0
0
 148439-7
#nylinje
4
78.4
88.9
9
H
2
2
0
0
 148439-8
#nylinje
1
75
97
9
H
2
2
0
0
 148439-9
#nylinje
4
58.4
68.9
9
H
2
2
0
0
 148439-12
#nylinje
2
88.4
38.9
9
I
2
1
0
0
 148439-13 (Endret)
#andre ting
0
1
2
0
