#kundeinfo
23 09 2005
002
148273
39
#nylinje
2
98.4
108.3
9
A
2
2
0
0
 148395-1
#nylinje
1
78.4
78.9
9
I
2
2
0
0
 148304-1
#nylinje
8
98.4
98.9
9
A
3
3
0
0
 148273-1
#nylinje
2
68.4
38.9
9
A
2
1
0
0
 148273-2
#nylinje
1
78.4
38.9
9
A
2
1
0
0
 148273-3
#nylinje
2
38.1
108.4
9
A
1
3
0
0
 148273-4
#nylinje
2
88.1
138.4
9
A
2
4
0
0
 148273-5
#nylinje
2
38.1
138.4
9
A
1
4
0
0
 148273-6
#nylinje
2
88.1
88.4
9
A
2
2
0
0
 148273-7
#nylinje
2
78.1
108.4
9
A
2
3
0
0
 148273-8
#nylinje
2
68.2
169.5
9
A
2
5
0
0
 148273-9
#nylinje
1
65
132.1
9
A
2
4
0
0
 148273-10
#nylinje
2
65
97
9
A
2
3
0
0
 148273-11
#nylinje
2
78.1
138.4
9
A
2
4
0
0
 148273-12
#nylinje
2
105.1
138.4
9
A
3
4
0
0
 148162-1
#andre ting
0
1
0
1
