#kundeinfo
08 09 2005
002
147424,147318,147255,147210
36
#nylinje
1
38.4
38.3
9
A
2
2
0
0
 147424-1
#nylinje
2
98.4
38.3
9
A
4
2
0
0
 147424-2
#nylinje
1
68.4
88.3
9
A
3
3
0
0
 147424-3
#nylinje
1
98.4
88.3
9
A
4
3
0
0
 147424-4
#nylinje
1
55
87
9
A
2
3
0
0
 147424-5
#nylinje
2
98.4
88.3
9
A
4
3
0
0
 147318-1
#nylinje
4
108.1
188.4
9
A
4
4
0
0
 147318-2
#nylinje
2
88.1
38.4
9
A
3
2
0
0
 147255-1
#nylinje
1
58.4
68.3
9
A
2
3
0
0
 147255-2
#nylinje
2
138.1
108.4
9
A
3
2
0
0
 147210-1
#nylinje
3
51.5
90.7
9
A
2
2
0
0
 147210-2
#nylinje
2
38.4
68.3
9
A
2
2
0
0
 147210-4
#nylinje
1
38.4
28.3
9
A
2
2
0
0
 147210-5
#andre ting
0
1
0
1
