#kundeinfo
23 09 2005
002
149429,148548,146047
40
#nylinje
1
88.4
18.3
9
A
2
1
0
0
 149429-1
#nylinje
3
38.4
84.9
9
A
2
3
0
0
 148548-2
#nylinje
1
78.4
68.9
9
A
3
3
0
0
 148548-3
#nylinje
1
78.4
78.9
9
A
3
3
0
0
 148548-4
#nylinje
2
98.4
98.9
9
A
3
3
0
0
 148519-1,2
#nylinje
2
78.1
168.4
9
A
2
4
0
0
 148492-1
#nylinje
2
28.4
38.3
9
A
2
2
0
0
 146047-1
#nylinje
2
48.4
88.3
9
A
3
2
0
0
 146047-2
#nylinje
2
48.4
88.3
9
A
2
3
0
0
 146047-3,4
#nylinje
6
41.5
88.3
9
A
2
3
0
0
 146047-5
#nylinje
3
42.5
118.3
9
A
2
4
0
0
 146047-6
#nylinje
1
65
117
9
A
2
3
0
0
 146047-7
#nylinje
1
28.4
38.3
9
A
2
2
0
0
 146047-10
#andre ting
0
1
0
1
