#kundeinfo
08 09 2005
002
147992,147902
38
#nylinje
4
58.4
88.3
9
A
2
2
0
0
 147992-1,2
#nylinje
1
18.4
88.3
9
A
1
2
0
0
 147992-3
#nylinje
4
38.4
88.3
9
A
2
2
0
0
 147992-6,6,7,8
#nylinje
5
78.4
88.3
9
A
2
2
0
0
 147992-9,9,10,10,11
#nylinje
2
88.1
128.4
9
A
2
3
0
0
 147992-12
#nylinje
1
55
87
9
A
2
2
0
0
 147992-13
#nylinje
2
68.4
88.3
9
A
2
2
0
0
 147902-1,2
#nylinje
1
38.4
88.3
9
A
2
2
0
0
 147902-6
#nylinje
4
58.4
88.3
9
A
2
2
0
0
 147902-7,8
#nylinje
2
78.4
88.3
9
A
2
2
0
0
 147902-9,10
#nylinje
2
88.1
128.4
9
A
2
3
0
0
 147902-11
#nylinje
2
68.4
88.3
9
A
2
2
0
0
 147902-12,13
#nylinje
2
98.4
38.3
9
A
2
1
0
0
 147902-14
#nylinje
1
55
87
9
A
2
2
0
0
 147902-15
#andre ting
0
1
2
0
