#kundeinfo
13 12 2010
002
129,147,228,265,294,312
50
#nylinje
1
65.3
132.6
9
B
4
5
0
0 0 0
164129-13
#nylinje
1
79.4
79.5
9
A
2
3
0
0 0 0
164147-1
#nylinje
2
36.85
31.07
9
A
2
2
0
0 0 0
164147-3,5
#nylinje
3
36.2
37.73
9
A
2
2
0
0 0 0
164147-6,8,9
#nylinje
1
129.4
109.5
9
I
2
2
0
0 0 0
288-5
#nylinje
1
65.3
182.3
9
I
2
3
0
0 0 0
164228-1
#nylinje
2
53.4
182.3
9
I
2
3
0
0 0 0
164228-7,9
#nylinje
2
49.4
49.5
9
I
2
2
0
0 0 0
164228-12
#nylinje
2
109.4
49.5
9
I
2
2
0
0 0 0
164228-17
#nylinje
3
88.9
59.5
9
G
2
2
0
0 0 0
164265-1
#nylinje
1
75.3
143.6
9
G
2
3
0
0 0 0
164294-1
#nylinje
1
49.4
299.29
9
I
1
3
0
0 1 0
164312-5_(Inndeling,Skrå)
#andre ting
0
1
2
0
