#kundeinfo
06 07 2006
002
502_372_359
27
#nylinje
2
58.2
179.5
9
A
2
5
0
0 0 0
502-1
#nylinje
7
88.4
98.9
9
I
2
2
0
0 0 0
372-1
#nylinje
1
38.4
78.9
9
I
2
2
0
0 0 0
372-2
#nylinje
2
258.1
128.4
9
I
3
3
0
0 0 0
372-3--SE_TEGNING
#nylinje
4
88.1
198.4
9
I
2
3
0
0 0 0
372-4
#nylinje
4
53.2
179.5
9
I
1
3
0
0 0 0
372-5
#nylinje
1
108.1
198.4
9
I
2
2
0
0 0 0
372-6
#nylinje
1
58.1
198.4
9
I
1
2
0
0 0 0
372-7
#nylinje
1
138.1
198.4
9
I
2
2
0
0 0 0
372-8
#nylinje
3
108.1
158.4
9
D
2
2
0
0 0 0
359-1
#andre ting
0
1
2
0
