#kundeinfo
31 07 2006
002
160539,160401,160319
31
#nylinje
14
36.6
98.3
9
A
2
3
0
0 0 0
160539-1
#nylinje
8
36.6
88.3
9
A
2
3
0
0 0 0
160539-2
#nylinje
2
88.1
88.4
9
A
3
3
0
0 0 0
160539-3
#nylinje
1
38.4
38.3
9
A
2
2
0
0 0 0
160401-1
#nylinje
4
48.1
48.4
9
A
2
2
0
0 0 0
160401-2
#nylinje
6
51.2
48.4
9
A
2
2
0
0 0 0
160401-3
#nylinje
2
38.4
78.3
9
A
2
3
0
0 0 0
160401-4,5
#nylinje
2
48.1
88.4
9
A
2
3
0
0 0 0
160401-6
#nylinje
8
41.5
78.3
9
A
2
3
0
0 0 0
160401-7
#nylinje
3
48.9
88.4
9
A
2
3
0
0 0 0
160401-8
#nylinje
4
51.1
118.4
9
A
2
4
0
0 0 0
160401-9
#nylinje
6
48.9
128.4
9
A
2
4
0
0 0 0
160401-10_(Fast)
#nylinje
2
55
122.1
9
A
2
4
0
0 1 0
160401-11,12_(Dør)
#nylinje
1
55
122.1
9
A
2
3
0
0 0 0
160319-1
#andre ting
0
1
0
1
