#kundeinfo
26 08 2008
002
131782,131971,132075,132398,132490
37
#nylinje
8
88.4
98.3
9
A
2
2
0
0 0 0
131782-1,1,1,1,1,3,3,3
#nylinje
2
68.4
98.3
9
A
2
2
0
0 0 0
131782-4
#nylinje
2
28.4
58.3
9
A
2
2
0
0 0 0
131782-6
#nylinje
1
48.4
138.9
9
A
2
2
0
0 0 0
131782-20
#nylinje
3
98.1
168.4
9
A
2
2
0
0 0 0
131782-10
#nylinje
2
128.1
168.4
9
A
2
2
0
0 0 0
131782-12
#nylinje
1
78.1
168.4
9
A
2
2
0
0 0 0
131782-14
#nylinje
1
75
107.3
9
A
2
2
0
0 0 0
131782-16
#nylinje
1
65
162.3
9
A
2
2
0
0 0 0
131782-18
#nylinje
1
78.4
98.3
9
A
2
2
0
0 0 0
131782-33
#nylinje
3
58.4
38.3
9
A
2
2
0
0 0 0
131971-1
#nylinje
1
58.4
78.3
9
A
2
3
0
0 0 0
131971-3
#nylinje
8
78.4
108.9
9
D
2
2
0
0 1 0
132075-1_(Inndeling)
#nylinje
2
48.4
108.9
9
D
1
2
0
0 1 0
132075-3_(Inndeling)
#nylinje
4
88.1
118.4
9
D
2
2
0
0 1 0
132075-5_(Inndeling)
#nylinje
2
53.1
107.3
9
D
2
2
0
0 1 0
132075-7,9_(Inndeling)
#nylinje
2
98.4
78.3
9
G
2
3
0
0 0 0
132398-1,3_(80mm)
#nylinje
2
69.4
78.3
9
G
2
3
0
0 0 0
132398-4,6_(80mm)
#nylinje
1
58.6
132.3
9
A
2
3
0
0 0 0
132490-5
#nylinje
1
27.6
132.3
9
A
1
3
0
0 0 0
132490-6
#andre ting
0
1
2
0
