#kundeinfo
08 08 2008
002
130768,130842,130932,130946
34
#nylinje
5
38.4
88.3
9
A
2
3
0
0 0 0
130768-1
#nylinje
2
58.4
88.3
9
A
2
3
0
0 0 0
130768-3
#nylinje
4
41.5
88.3
9
A
2
3
0
0 0 0
130768-5,7
#nylinje
2
55
87.3
9
A
2
3
0
0 0 0
130768-8,10
#nylinje
1
78.4
58.9
9
A
2
2
0
0 1 0
130785-3_(Inndeling)
#nylinje
12
41.5
88.3
9
A
2
3
0
0 0 0
130842-1,3
#nylinje
3
38.4
88.3
9
A
1
3
0
0 0 0
130842-6,6,8
#nylinje
2
78.1
158.4
9
A
3
5
0
0 0 0
130875-1
#nylinje
1
65
152.3
9
A
3
5
0
0 0 0
130875-3
#nylinje
1
68.4
88.9
9
A
3
3
0
0 0 0
130915-1
#nylinje
4
51.2
128.4
9
A
2
4
0
0 0 0
130932-6,8
#nylinje
1
65
122.3
9
A
2
4
0
0 1 0
130932-11_(Inndeling)
#nylinje
1
65
82.3
9
A
2
3
0
0 1 0
130932-18_(Inndeling)
#nylinje
1
88.4
88.3
9
A
4
3
0
0 0 0
130933-1
#nylinje
16
36.5
88.3
9
A
2
3
0
0 0 0
130946-1,3
#nylinje
6
36.5
88.3
9
A
2
3
0
0 0 0
130946-4,5
#nylinje
3
88.4
38.3
9
A
3
2
0
0 0 0
130946-6
#nylinje
1
65
171.9
9
A
2
4
0
0 0 0
130946-8
#andre ting
0
1
2
0
