#kundeinfo
29 12 2008
046
14110,14116
2
#nylinje
10
43.3
100.2
3
A
2
3
0
0 0 0
14110-1
#nylinje
18
43.3
100.2
3
A
2
3
0
0 0 0
14110-2
#nylinje
6
52
178.8
3
A
2
5
0
0 0 0
14110-3
#nylinje
2
40.1
100.2
3
A
2
3
0
0 0 0
14110-4
#nylinje
4
43.3
40.2
3
A
2
2
0
0 0 0
14110-5
#nylinje
8
43.3
40.2
3
A
2
2
0
0 0 0
14110-6
#nylinje
2
43.3
30.2
3
A
2
2
0
0 0 0
14110-7
#nylinje
3
40.1
100.2
3
A
2
3
0
0 0 0
14110-8,9,10
#nylinje
2
38.3
100.2
3
A
2
3
0
0 0 0
14116-1
#nylinje
6
38.3
100.2
3
A
2
3
0
0 0 0
14116-2
#andre ting
0
1
0
1
