#kundeinfo
29 12 2008
002
136939,136822,136857
2
#nylinje
1
58.4
58.3
9
I
2
2
0
0 0 0
136939-1
#nylinje
1
78.4
138.9
9
G
2
3
0
0 0 0
136822-1
#nylinje
4
91.2
148.4
9
G
2
3
0
0 0 0
136822-3,5
#nylinje
2
66.2
148.4
9
G
2
3
0
0 0 0
136822-6,7
#nylinje
1
88.4
88.9
9
G
2
2
0
0 0 0
136822-9
#nylinje
1
48.4
48.9
9
G
2
2
0
0 0 0
136822-13
#nylinje
1
98.4
88.9
9
G
2
2
0
0 0 0
136822-28
#nylinje
1
68.1
188.4
9
A
2
4
0
0 0 0
136822-30
#nylinje
2
58.4
78.3
9
G
2
2
0
0 0 0
136822-32
#nylinje
7
78.4
48.3
9
G
2
2
0
0 0 0
136822-34
#nylinje
4
68.4
68.3
9
A
2
2
0
0 0 0
136857-1
#nylinje
1
88.4
98.3
9
A
2
2
0
0 0 0
136857-3
#andre ting
0
1
2
0
