#kundeinfo
21 01 2011
002
164919,164877,164879,164882
04
#nylinje
1
59.7
100.1
3
A
2
3
0
0 0 0
164919-1
#nylinje
4
79.7
60.1
3
A
3
2
0
0 0 0
164877-28,30
#nylinje
2
69.7
180.1
3
A
2
5
0
0 0 0
164877-32,34
#nylinje
4
79.7
60.1
3
A
3
2
0
0 0 0
164879-28,30
#nylinje
4
69.7
180.1
3
A
2
5
0
0 0 0
164879-32,34,56,57
#nylinje
4
79.7
60.1
3
A
3
2
0
0 0 0
164882-28,30
#nylinje
4
69.7
180.1
3
A
2
5
0
0 0 0
164882-32,34
#nylinje
4
79.7
60.1
3
A
3
2
0
0 0 0
164895-28,30
#nylinje
1
109.4
152.05
9
A
4
4
0
0 0 0
164907-1
#nylinje
1
75.3
97.6
9
A
3
3
0
0 0 0
164995-1
#andre ting
0
1
2
0
