#kundeinfo
28 01 2011
002
165113,165203
06
#nylinje
6
37.45
159.5
9
A
2
4
0
0 0 0
164113-1,3
#nylinje
2
35.05
152.6
9
A
2
4
0
0 1 0
165113-4,6_(Inndeling)
#nylinje
6
31.85
89.5
9
A
2
3
0
0 0 0
165113-7,9
#nylinje
4
31.85
99.5
9
A
2
3
0
0 0 0
165113-10,11
#nylinje
1
38.9
99.5
9
A
2
3
0
0 0 0
165113-15
#nylinje
4
31.85
39.5
9
A
2
2
0
0 0 0
165113-22,24
#nylinje
2
26.85
69.5
9
A
2
3
0
0 0 0
165113-17,18
#nylinje
1
37.45
95.99
9
A
2
3
0
0 0 0
165113-25_(Skrå)
#nylinje
1
37.45
71.77
9
A
2
2
0
0 1 0
165113-27_(Skrå,flukte)
#nylinje
1
37.45
45.99
9
A
2
2
0
0 1 0
165113-32_(Skrå,flukte)
#nylinje
1
37.45
21.77
9
A
2
2
0
0 1 0
165113-34_(Skrå,flukte)
#nylinje
8
31.85
99.5
9
A
2
3
0
0 0 0
165113-47,48
#nylinje
4
31.85
39.5
9
A
2
2
0
0 0 0
165113-49,50
#nylinje
1
29.4
109.5
9
A
1
3
0
0 0 0
165113-63
#nylinje
1
65.3
117.6
9
I
2
3
0
0 1 0
165131-1_(Inndeling)
#nylinje
2
61.3
97.6
9
A
2
3
0
0 0 0
165203-1
#nylinje
2
53.4
142.6
9
A
2
4
0
0 0 0
165203-3,5
#andre ting
0
1
2
0
