#kundeinfo
19 10 2006
020
_
42
#nylinje
2
59.3
109.5
3
A
3
4
0
0 0 0
51150-1
#nylinje
4
22.4
79.5
3
A
1
3
0
0 0 0
51170-1
#nylinje
2
39.3
109.3
3
A
1
3
0
0 0 0
51170-2
#nylinje
2
39.3
39.3
3
A
2
2
0
0 0 0
51174-3
#nylinje
4
27.4
28.4
3
A
2
2
0
0 0 0
51174-5
#nylinje
6
27.4
31.7
3
A
2
2
0
0 0 0
51174-6
#nylinje
6
39.4
109.5
3
A
2
4
0
0 0 0
51175-1
#nylinje
6
39.4
79.5
3
A
2
3
0
0 0 0
51175-2
#nylinje
2
59.3
79.5
3
A
3
3
0
0 0 0
51175-3
#nylinje
2
59.3
79.5
3
A
3
3
0
0 0 0
51175-4
#nylinje
3
39.3
79.5
3
A
2
3
0
0 0 0
51175-5
#nylinje
1
39.3
79.5
3
A
2
3
0
0 0 0
51175-6
#nylinje
8
39.3
79.5
3
A
2
3
0
0 0 0
51175-7
#nylinje
2
59.3
79.5
3
A
3
3
0
0 0 0
51175-8
#nylinje
1
125.3
67.5
3
A
4
2
0
0 0 0
51178-1
#andre ting
0
1
0
1
