#kundeinfo
23 10 2006
002
102731,102781,102835
43
#nylinje
3
88.1
168.4
9
I
2
3
0
0 0 0
102731-1
#nylinje
2
58.4
78.3
9
A
2
2
0
0 0 0
102781-1
#nylinje
2
68.4
88.3
9
A
2
2
0
0 0 0
102835-1,2
#nylinje
1
55
87.2
9
A
2
2
0
0 0 0
102835-3
#nylinje
4
38.4
88.3
9
A
2
2
0
0 0 0
102835-4
#nylinje
1
38.4
38.3
9
A
2
2
0
0 0 0
102835-5
#nylinje
1
58.4
88.3
9
A
2
2
0
0 0 0
102835-6
#nylinje
6
68.4
88.3
9
A
2
2
0
0 0 0
102835-7,7,7,7,8,8
#nylinje
2
78.4
88.3
9
A
2
2
0
0 0 0
102835-9
#nylinje
2
48.1
168.4
9
A
2
3
0
0 0 0
102835-10
#nylinje
3
108.1
168.4
9
A
2
3
0
0 0 0
102835-11
#nylinje
1
55
87.2
9
A
2
2
0
0 0 0
102835-12
#andre ting
0
1
0
1
