#kundeinfo
23 10 2006
002
102798,101879
43
#nylinje
2
58.4
88.3
9
A
2
2
0
0 0 0
102798-1,2
#nylinje
1
55
87.2
9
A
2
2
0
0 0 0
102798-3
#nylinje
3
38.4
88.3
9
A
2
2
0
0 0 0
102798-5
#nylinje
6
68.4
88.3
9
A
2
2
0
0 0 0
102798-6,6,6,6,7,7
#nylinje
3
98.4
88.3
9
A
2
2
0
0 0 0
102798-8
#nylinje
2
48.1
168.4
9
A
2
3
0
0 0 0
102798-9
#nylinje
3
108.1
168.4
9
A
2
3
0
0 0 0
102798-10
#nylinje
3
68.4
78.9
9
A
2
2
0
0 0 0
101879-7
#nylinje
7
88.4
118.9
9
A
2
3
0
0 0 0
101879-8
#nylinje
2
88.4
28.9
9
A
2
1
0
0 0 0
101879-10
#nylinje
4
88.4
98.9
9
A
2
3
0
0 0 0
101879-11
#nylinje
3
108.1
148.4
9
A
2
3
0
0 0 0
101879-12_(Fast)
#nylinje
1
65
117.2
9
A
2
3
0
0 0 0
101879-13
#nylinje
1
75
142.2
9
A
2
3
0
0 1 0
101879-14_(Dør)
#nylinje
2
38.1
128.4
9
A
1
3
0
0 0 0
101879-17
#nylinje
4
98.1
48.4
9
A
2
1
0
0 0 0
101879-18
#nylinje
2
98.1
108.4
9
A
2
3
0
0 0 0
101879-19
#andre ting
0
1
2
0
