#kundeinfo
13 10 2006
002
100833,102541,101957
42
#nylinje
1
58.4
58.3
9
A
3
3
0
0 0 0
100833-1
#nylinje
2
38.4
88.3
9
A
2
3
0
0 0 0
100833-2
#nylinje
2
88.4
38.3
9
A
4
2
0
0 0 0
100833-3,4
#nylinje
4
68.4
88.3
9
A
3
3
0
0 0 0
100833-5
#nylinje
1
98.4
88.3
9
A
4
3
0
0 0 0
100833-6
#nylinje
4
88.1
138.4
9
A
3
4
0
0 0 0
100833-7_(FAST)
#nylinje
1
55
132.2
9
A
2
4
0
0 1 0
100833-8_(DØR)
#nylinje
7
88.1
138.4
9
G
2
3
0
0 0 0
102541-1_(FAST)
#nylinje
3
78.4
88.9
9
G
2
3
0
0 0 0
102541-2
#nylinje
3
78.4
38.9
9
A
3
1
0
0 0 0
102541-3
#nylinje
3
38.4
88.9
9
A
1
3
0
0 0 0
102541-4
#nylinje
1
75
132.2
9
G
2
3
0
0 1 0
102541-5_(DØR)
#nylinje
1
78.2
142.2
9
A
2
4
0
0 0 0
101957-2
#nylinje
1
78.2
142.2
9
A
2
4
0
0 0 0
101957-1
#andre ting
0
1
0
1
