#kundeinfo
09 10 2006
002
101242,101288,101805,101357
41
#nylinje
1
28.4
78.3
9
A
2
2
0
0 1 0
101242-1_(Se_tegning)
#nylinje
1
58.4
88.3
9
A
2
2
0
0 1 0
101242-3_(Se_tegning)
#nylinje
1
28.4
78.3
9
A
2
2
0
0 1 0
101242-2_(Se_tegning)
#nylinje
1
48.1
158.4
9
A
2
3
0
0 0 0
101288-2
#nylinje
2
58.4
78.3
9
G
2
3
0
0 0 0
101304-2
#nylinje
2
53.2
157.6
9
A
2
5
0
0 0 0
101280-1,2
#nylinje
4
68.1
158.4
9
A
2
3
0
0 0 0
101288-1_(Fast)
#nylinje
1
65
152.2
9
A
2
3
0
0 1 0
101288-3_(Dør)
#nylinje
2
58.4
38.9
9
A
3
2
0
0 0 0
101288-4
#nylinje
1
58.4
88.3
9
A
2
3
0
0 0 0
101805-2
#nylinje
4
38.4
38.3
9
A
2
2
0
0 0 0
101805-4,5,5,5
#nylinje
4
68.4
88.3
9
A
3
3
0
0 0 0
101805-6,7,8,9
#nylinje
2
78.4
88.3
9
A
3
3
0
0 0 0
101805-10,11_(Lukke)
#nylinje
1
55
87.2
9
A
2
3
0
0 1 0
101805-14_(Dør)
#nylinje
1
18.4
88.3
9
A
1
3
0
0 0 0
101805-15
#nylinje
1
78.2
162.6
9
A
2
4
0
0 0 0
101357-1
#nylinje
1
78.2
162.6
9
A
2
4
0
0 0 0
101357-2
#nylinje
1
38.1
169.1
9
A
1
4
0
0 1 0
101357-3_(Fra_bunn)
#nylinje
4
68.1
108.4
9
A
2
3
0
0 0 0
101505-1
#nylinje
1
58.1
108.4
9
A
2
3
0
0 0 0
101505-2
#nylinje
3
58.4
88.3
9
A
2
3
0
0 0 0
101805-1_(Lukke)
#nylinje
1
55
87.2
9
A
2
3
0
0 1 0
101805-3_(Dør)
#nylinje
2
98.4
38.3
9
A
4
2
0
0 0 0
101805-12
#nylinje
3
78.1
128.4
9
A
3
3
0
0 0 0
101805-13
#andre ting
0
1
2
0
