#kundeinfo
13 10 2006
002
101992,102027,101890
43
#nylinje
1
65
132.2
9
A
3
4
0
0 0 0
101992-1
#nylinje
1
68.4
78.9
9
G
2
3
0
0 0 0
102027-1
#nylinje
1
78.4
98.9
9
G
2
3
0
0 0 0
102027-2
#nylinje
4
108.1
168.4
9
A
2
3
0
0 0 0
101890-1
#nylinje
2
68.4
88.3
9
A
2
2
0
0 0 0
101890-4
#nylinje
2
88.1
168.4
9
A
2
3
0
0 0 0
101890-2
#nylinje
1
168.1
48.4
9
A
3
1
0
0 0 0
101890-3
#nylinje
1
98.4
38.3
9
A
2
1
0
0 0 0
101890-5
#nylinje
2
58.4
78.3
9
A
2
2
0
0 0 0
101890-6
#nylinje
1
65
102.2
9
A
2
2
0
0 0 0
101890-7
#andre ting
0
1
2
0
