#kundeinfo
29 06 2007
002
108704,113766
27
#nylinje
2
38.4
88.3
9
A
2
2
0
0 0 0
108704-1,3
#nylinje
2
68.4
88.3
9
A
2
2
0
0 0 0
108704-4,6
#nylinje
1
55
87.2
9
A
2
2
0
0 0 0
108704-7
#nylinje
2
38.4
38.3
9
A
2
2
0
0 0 0
108704-9
#nylinje
1
38.4
88.3
9
A
2
2
0
0 0 0
108704-11
#nylinje
7
68.4
88.3
9
A
2
2
0
0 0 0
108704-12,12,12,12,12,13,13
#nylinje
2
98.4
88.3
9
A
2
2
0
0 0 0
108704-20_(Lukke)
#nylinje
1
55
87.2
9
A
2
2
0
0 1 0
108704-14_(Dør)
#nylinje
2
48.1
168.4
9
A
2
3
0
0 0 0
108704-16
#nylinje
3
108.1
168.4
9
A
2
3
0
0 0 0
108704-18
#nylinje
3
48.4
88.3
9
A
2
3
0
0 0 0
113766-1,1,3
#nylinje
1
55
87.2
9
A
2
3
0
0 0 0
113766-4
#nylinje
3
48.4
88.3
9
A
2
3
0
0 0 0
113766-6,6,7
#nylinje
1
18.4
88.3
9
A
1
3
0
0 0 0
113766-8
#nylinje
3
48.4
58.3
9
A
2
2
0
0 0 0
113766-10,12,13
#nylinje
6
41.5
88.3
9
A
2
3
0
0 0 0
113766-14,14,16,16,17,18
#nylinje
3
58.1
98.4
9
A
2
3
0
0 0 0
113766-19
#nylinje
3
58.1
128.4
9
A
2
4
0
0 0 0
113766-21
#andre ting
0
1
2
0
