#kundeinfo
25 06 2007
020
51592,51629,51639
26/27
#nylinje
2
28.8
98.8
3
I
1
2
0
0 0 0
51592-1
#nylinje
6
88.8
138.8
3
I
2
2
0
0 0 0
51592-2
#nylinje
6
69.6
89.6
3
I
2
2
0
0 0 0
51592-3
#nylinje
8
59.6
79.6
3
I
2
2
0
0 0 0
51592-5,6
#nylinje
2
49.6
89.6
3
I
2
2
0
0 0 0
51592-7,8
#nylinje
1
79.6
29.6
3
I
2
1
0
0 0 0
51629-1
#nylinje
5
79.6
79.6
3
G
2
3
0
0 0 0
51629-2
#nylinje
7
79.6
99.6
3
G
2
3
0
0 0 0
51629-3
#nylinje
8
40.2
88.8
3
A
2
3
0
0 0 0
51639-1
#nylinje
4
40.2
118.8
3
A
2
4
0
0 0 0
51639-2
#nylinje
4
40
88.8
3
A
2
3
0
0 0 0
51639-3,4,5,5
#nylinje
3
60
78.8
3
A
3
3
0
0 0 0
51639-6,6,7
#andre ting
0
1
0
1
