#kundeinfo
19 06 2007
002
110025,112738,112770,112868,112935,112999
25
#nylinje
4
58.4
68.3
9
A
3
2
0
0 0 0
110025-1,3
#nylinje
3
38.4
38.3
9
A
2
2
0
0 0 0
110025-4
#nylinje
1
18.4
88.3
9
A
1
3
0
0 0 0
110025-6
#nylinje
7
78.4
88.3
9
A
4
3
0
0 0 0
110025-8,10,10,11,11,12,12
#nylinje
5
88.1
118.4
9
A
4
3
0
0 0 0
110025-13_(Fast)
#nylinje
1
55
112.2
9
A
2
3
0
0 1 0
110025-15_(Dør)
#nylinje
2
63.3
142.2
9
A
2
5
0
0 0 0
112738-1,3
#nylinje
1
65
79.2
9
A
2
3
0
0 0 0
112770-1
#nylinje
6
108.4
104.9
9
G
2
3
0
0 0 0
112868-4
#nylinje
1
65
152.2
9
A
2
5
0
0 0 0
112935-1
#nylinje
2
75
142.2
9
A
2
4
0
0 0 0
112999-17
#nylinje
2
75
97.2
9
A
2
3
0
0 0 0
112999-19
#andre ting
0
1
2
0
