#kundeinfo
31 03 2006
002
156400,156397
14/15
#nylinje
2
98.4
38.3
9
A
3
1
0
0 0 0
156400-1
#nylinje
2
76.6
98.9
9
A
2
3
0
0 0 0
156400-2
#nylinje
1
75
179.5
9
A
3
5
0
0 0 0
156400-3
#nylinje
2
98.1
198.4
9
A
2
4
0
0 0 0
156400-4
#nylinje
1
48.1
168.4
9
A
1
3
0
0 0 0
156400-5
#nylinje
1
68.4
108.9
9
A
2
3
0
0 0 0
156400-6
#nylinje
1
75
106.9
9
A
2
3
0
0 0 0
156400-7
#nylinje
1
38.4
108.9
9
A
1
3
0
0 0 0
156400-8
#nylinje
2
98.4
38.9
9
A
3
1
0
0 0 0
156400-10_(endret)
#nylinje
2
58.2
179.5
9
A
3
5
0
0 0 0
156400-11
#nylinje
1
75
106.9
9
A
2
3
0
0 0 0
156400-12
#nylinje
2
58.4
88.3
9
A
3
3
0
0 0 0
156397-1
#andre ting
0
1
2
0
