#kundeinfo
13 03 2006
002
155976
12
#nylinje
2
88.1
148.4
9
A
2
3
0
0 0 0
155976-1
#nylinje
2
68.4
98.9
9
A
2
3
0
0 0 0
155976-2
#nylinje
1
78.1
108.4
9
A
2
3
0
0 0 0
155976-3
#nylinje
1
88.4
98.9
9
A
2
3
0
0 0 0
155976-4
#nylinje
1
48.1
108.4
9
A
2
3
0
0 0 0
155976-5
#nylinje
2
88.1
148.4
9
A
2
3
0
0 0 0
155976-7
#nylinje
1
38.1
148.4
9
A
1
3
0
0 0 0
155976-8
#nylinje
1
68.4
98.9
9
A
2
3
0
0 0 0
155976-9
#nylinje
4
78.1
108.4
9
A
2
3
0
0 0 0
155976-10,10,11,11
#nylinje
3
68.4
98.9
9
A
2
3
0
0 0 0
155976-12
#nylinje
1
28.4
98.9
9
A
1
3
0
0 0 0
155976-13
#nylinje
1
75
179.5
9
A
1
3
0
0 0 0
155976-14
#nylinje
2
68.4
98.9
9
A
2
3
0
0 0 0
155976-15
#nylinje
3
68.4
98.9
9
A
2
3
0
0 0 0
155976-16
#andre ting
0
1
2
0
