#kundeinfo
13 03 2006
020
50776,50785,50787,50767,50774
12
#nylinje
1
71.9
88.8
3
A
2
2
0
0 0 0
50776-1
#nylinje
1
48.8
79
3
A
2
2
0
0 0 0
50776-3
#nylinje
3
88.8
148.8
3
B
4
4
0
0 0 0
50785-1
#nylinje
1
38.8
148.8
3
A
2
4
0
0 0 0
50785-2
#nylinje
1
78.8
89
3
G
2
3
0
0 0 0
50785-3
#nylinje
1
38.8
89
3
A
2
3
0
0 0 0
50785-4
#nylinje
4
38.9
109
3
A
2
4
0
0 0 0
50787-1
#nylinje
2
58.8
79
3
A
3
3
0
0 0 0
50787-2
#nylinje
1
38.8
89
3
A
2
3
0
0 0 0
50756-2
#nylinje
1
68.8
148.8
3
A
3
4
0
0 0 0
50767-1
#nylinje
2
98.8
148.8
3
B
4
4
0
0 0 0
50767-2
#nylinje
2
41.9
59
3
A
1
2
0
0 0 0
50774-1
#nylinje
1
38.8
89
3
A
1
3
0
0 0 0
50774-2
#nylinje
1
48.8
89
3
A
1
3
0
0 0 0
50774-3
#nylinje
1
148.8
38.8
3
A
3
1
0
0 0 0
50774-4
#nylinje
1
58.8
89
3
A
1
3
0
0 0 0
50774-5
#nylinje
1
61.9
79
3
A
2
2
0
0 0 0
50776-2
#andre ting
0
1
0
1
