#kundeinfo
16 08 2007
002
115355,115579
34
#nylinje
1
108.4
88.9
9
A
3
3
0
0 0 0
115223-1
#nylinje
3
78.4
38.3
9
C
2
1
0
0 0 0
115283-6
#nylinje
1
58.4
88.3
9
C
2
3
0
0 0 0
115283-8_(Lukke)
#nylinje
1
55
87.2
9
C
2
3
0
0 1 0
115283-11_(Dør)
#nylinje
4
78.1
128.4
9
A
2
3
0
0 0 0
115355-1
#nylinje
1
78.1
108.4
9
A
2
3
0
0 0 0
115355-3
#nylinje
1
78.1
78.4
9
A
2
2
0
0 0 0
115355-5
#nylinje
1
108.4
98.9
9
A
2
3
0
0 0 0
115355-7
#nylinje
2
38.4
58.9
9
A
2
2
0
0 0 0
115355-9
#nylinje
2
98.4
88.9
9
A
2
3
0
0 0 0
115355-13
#nylinje
1
108.4
88.9
9
A
2
3
0
0 0 0
115355-15
#nylinje
2
58.3
142.2
9
A
2
3
0
0 0 0
115355-17,19
#nylinje
2
64.5
108.3
9
A
1
2
0
0 0 0
115424-1,3
#nylinje
2
51.2
98.4
9
I
1
2
0
0 0 0
115450-1,3
#nylinje
1
75
169.6
9
A
2
5
0
0 0 0
115579-1
#nylinje
6
41.5
98.3
9
A
2
3
0
0 0 0
115579-3,5
#nylinje
3
42.5
98.3
9
A
2
3
0
0 0 0
115579-6,8,10
#nylinje
4
41.5
78.3
9
A
2
3
0
0 0 0
115579-11,13
#nylinje
2
31.5
98.3
9
A
2
3
0
0 0 0
115579-14,16
#nylinje
1
38.4
98.3
9
A
2
3
0
0 0 0
115579-17
#nylinje
2
48.4
98.3
9
A
2
3
0
0 0 0
115616-1,3
#andre ting
0
1
2
0
