#kundeinfo
08 08 2007
002
114773,114895,115096,113659
33
#nylinje
1
57.8
97.2
9
A
2
3
0
0 0 0
114773-1
#nylinje
1
18.8
97.2
9
A
1
3
0
0 0 0
114773-3
#nylinje
1
98.1
168.4
9
I
2
3
0
0 0 0
114895-5
#nylinje
3
68.4
78.9
9
I
2
2
0
0 0 0
114895-9
#nylinje
1
78.4
88.9
9
I
2
2
0
0 0 0
114895-13
#nylinje
8
26.5
88.3
9
A
1
3
0
0 0 0
114899-1,3
#nylinje
6
98.4
108.9
9
B
4
3
0
0 0 0
115096-1,1,3,3,3,3
#nylinje
2
48.4
48.9
9
A
2
2
0
0 0 0
115096-4
#nylinje
4
65
107.2
9
A
2
3
0
0 0 0
115096-6,8,9,10
#nylinje
10
78.4
118.9
9
I
2
2
0
0 0 0
113659-1,1,1,3,3,3,3,3,3,3
#nylinje
2
38.1
158.4
9
I
1
3
0
0 0 0
113659-4_(Fast)
#nylinje
2
53.3
152.2
9
I
1
3
0
0 1 0
113659-6,8_(Dør)
#nylinje
4
78.4
118.9
9
I
2
2
0
0 0 0
113659-9
#nylinje
2
38.1
108.4
9
I
1
2
0
0 0 0
113659-10_(Fast)
#nylinje
1
65
102.2
9
I
1
2
0
0 1 0
113659-12_(Dør)
#nylinje
2
53.2
94.1
9
D
1
2
0
0 1 0
114721-1,5_(Inndeling)
#nylinje
1
43.7
84.9
9
D
1
2
0
0 1 0
114721-3_(Inndeling)
#nylinje
2
53.3
97
9
I
2
2
0
0 0 0
114184
#nylinje
1
89
97.8
3
D
2
2
0
0 0 0
SI_Bygg_(Hengsler)
#nylinje
1
39.3
97.8
3
D
2
2
0
0 0 0
SI_Bygg_(Hengsler)
#andre ting
0
1
2
0
