#kundeinfo
24 08 2007
002
115258,115912
35
#nylinje
3
38.4
38.3
9
A
2
2
0
0 0 0
115258-1
#nylinje
2
58.4
88.3
9
A
2
3
0
0 0 0
115258-3,5
#nylinje
4
54.5
88.3
9
A
2
3
0
0 0 0
115258-6,8
#nylinje
6
51.5
178.3
9
A
2
4
0
0 0 0
115258-9,10
#nylinje
12
48.3
169.6
9
A
2
4
0
0 0 0
115258-12,14,15,16
#nylinje
1
48.1
188.4
9
A
2
4
0
0 0 0
115258-17
#nylinje
14
48.4
88.3
9
A
2
3
0
0 0 0
115912-1,3
#nylinje
4
78.1
138.4
9
A
2
2
0
0 1 0
115912-4_(Inndeling)
#nylinje
2
58.1
138.4
9
A
2
2
0
0 1 0
115912-6_(Inndeling)
#nylinje
2
48.4
48.3
9
A
2
2
0
0 0 0
115912-8
#nylinje
4
78.1
58.4
9
A
2
1
0
0 0 0
115912-10
#nylinje
2
58.1
58.4
9
A
2
1
0
0 0 0
115912-12
#nylinje
2
78.4
108.9
9
D
2
2
0
0 1 0
115945-1_(Inndeling)(Hengsler)
#nylinje
2
38.1
168.4
9
H
1
2
0
0 1 0
116021-1_(Inndeling)
#nylinje
1
108.1
48.4
9
I
2
1
0
0 0 0
116021-3
#nylinje
1
98.4
68.3
9
B
4
3
0
0 0 0
116567-1
#andre ting
0
1
2
0
