#kundeinfo
30 08 2007
002
116956
36
#nylinje
2
38.4
88.3
9
I
2
2
0
0 0 0
116956-1,3
#nylinje
1
55
87.2
9
I
2
2
0
0 0 0
116956-4
#nylinje
2
38.4
88.3
9
I
2
2
0
0 0 0
116956-10,12
#nylinje
1
58.4
88.3
9
I
2
2
0
0 0 0
116956-40
#nylinje
1
78.1
98.4
9
I
2
2
0
0 0 0
116956-13
#nylinje
6
68.4
88.3
9
I
2
2
0
0 0 0
116956-15
#nylinje
4
26.5
88.3
9
I
1
2
0
0 0 0
116956-17,19
#nylinje
2
56.5
68.3
9
I
2
2
0
0 0 0
116956-20,22
#nylinje
3
108.1
98.4
9
I
2
2
0
0 0 0
116956-23
#nylinje
2
48.1
168.4
9
I
2
3
0
0 0 0
116956-25
#nylinje
1
65
87.2
9
I
2
2
0
0 0 0
116956-27
#nylinje
1
38.4
88.3
9
I
2
2
0
0 0 0
116956-43
#andre ting
0
1
1
0
