#kundeinfo
17 08 2007
002
115849,115956,115962
34
#nylinje
2
58.4
58.3
9
A
2
2
0
0 0 0
115849-1,3
#nylinje
3
38.4
38.3
9
A
2
2
0
0 0 0
115849-4
#nylinje
3
68.4
88.3
9
A
2
2
0
0 0 0
115849-5
#nylinje
3
88.4
38.3
9
A
4
2
0
0 0 0
115849-11
#nylinje
2
98.4
88.3
9
B
4
3
0
0 0 0
115849-7
#nylinje
2
108.1
138.4
9
B
4
3
0
0 0 0
115849-9_(Fast)
#nylinje
1
55
132.2
9
A
2
3
0
0 1 0
115849-13_(Dør)
#nylinje
3
58.4
88.3
9
A
2
2
0
0 0 0
115956-1,3,3
#nylinje
1
55
87.2
9
A
2
2
0
0 0 0
115956-4
#nylinje
1
18.4
88.3
9
A
1
2
0
0 0 0
115956-6
#nylinje
2
38.4
88.3
9
A
2
2
0
0 0 0
115956-8,10
#nylinje
5
78.4
88.3
9
A
2
2
0
0 0 0
115956-11,13,14,14,14
#nylinje
2
98.4
38.3
9
A
2
1
0
0 0 0
115956-15
#nylinje
2
88.1
128.4
9
A
2
3
0
0 0 0
115956-17
#nylinje
1
55
87.2
9
A
2
2
0
0 0 0
115956-19
#nylinje
2
68.4
88.3
9
A
3
3
0
0 0 0
115962-1,5
#nylinje
2
38.4
88.3
9
A
2
3
0
0 0 0
115962-3
#nylinje
3
118.4
88.3
9
B
4
3
0
0 0 0
115962-6,8,8
#nylinje
3
108.1
188.4
9
B
4
5
0
0 0 0
115962-9
#nylinje
1
128.1
188.4
9
B
4
5
0
0 0 0
115962-11_(Fast)
#nylinje
2
48.3
169.6
9
A
2
5
0
0 1 0
115962-13,15_(Dør)
#nylinje
1
68.4
128.3
9
A
2
4
0
0 0 0
116011-1
#andre ting
0
1
2
0
