#kundeinfo
17 08 2007
002
115645,115784,116053
34
#nylinje
3
58.4
58.3
9
A
2
2
0
0 0 0
115645-1
#nylinje
2
38.4
88.3
9
A
2
3
0
0 0 0
115645-3
#nylinje
2
68.4
88.3
9
A
2
3
0
0 0 0
115645-7
#nylinje
3
98.4
88.3
9
B
4
3
0
0 0 0
115645-5
#nylinje
1
88.4
88.3
9
B
4
3
0
0 0 0
115784-1
#nylinje
2
58.4
58.3
9
A
3
2
0
0 0 0
116053-1,3
#nylinje
3
38.4
38.3
9
A
2
2
0
0 0 0
116053-4
#nylinje
2
68.4
98.3
9
A
3
3
0
0 0 0
116053-6
#nylinje
2
88.4
38.3
9
A
4
2
0
0 0 0
116053-8
#nylinje
2
98.4
88.3
9
A
4
3
0
0 0 0
116053-10
#nylinje
2
108.1
138.4
9
A
4
4
0
0 0 0
116053-12_(Fast)
#nylinje
1
55
132.2
9
A
2
4
0
0 1 0
116053-14_(Dør)
#andre ting
0
1
0
1
