#kundeinfo
24 08 2007
020
51704,51679,51714,51739
36
#nylinje
2
80
80.2
3
A
3
3
0
0 0 0
51704-2_(Hvit)
#nylinje
1
40
80.2
3
A
2
3
0
0 0 0
51679-1
#nylinje
8
40.2
110.2
3
A
2
4
0
0 0 0
51679-2
#nylinje
2
40.2
80.2
3
A
2
3
0
0 0 0
51679-3
#nylinje
8
60
80.2
3
A
3
3
0
0 0 0
51679-4,5,6,7
#nylinje
8
40.2
110.2
3
A
2
4
0
0 0 0
51714-1
#nylinje
6
40.2
80.2
3
A
2
3
0
0 0 0
51714-2,3
#nylinje
1
40
80.2
3
A
2
3
0
0 0 0
51714-4
#nylinje
1
40
90.2
3
A
2
3
0
0 0 0
51714-5
#nylinje
3
60
80.2
3
A
3
3
0
0 0 0
51714-6,7,7
#nylinje
2
40.2
80.2
3
A
2
3
0
0 0 0
51720-1_(Hvit)
#nylinje
2
60
60.2
3
A
2
2
0
0 0 0
51739-1
#nylinje
2
68.8
68.8
3
A
2
2
0
0 0 0
51739-2
#nylinje
1
70
80.2
3
A
3
3
0
0 0 0
51739-3
#nylinje
2
40
99.2
3
A
2
4
0
0 0 0
51739-4
#nylinje
4
88.8
130.6
3
A
3
4
0
0 0 0
51739-5
#nylinje
1
79
79
3
A
3
3
0
0 0 0
51754
#nylinje
1
38.8
48.8
3
A
2
2
0
0 0 0
51757-1
#andre ting
0
1
0
1
