#kundeinfo
31 03 2003
002
117453,117611
17
#nylinje
6
57.9
168.1
3
I
2
2
0
0
 117453-1
#nylinje
3
107.9
148.1
3
I
2
2
0
0
 117453-2
#nylinje
12
98.2
98.6
3
I
2
2
0
0
 117453-3
#nylinje
6
38.2
98.6
3
I
1
2
0
0
 117453-4
#nylinje
6
53
161.8
3
I
2
2
0
0
 117453-5
#nylinje
3
74.8
116.7
3
I
2
2
0
0
 117453-6
#nylinje
3
64.8
76.7
3
I
2
2
0
0
 117453-7
#nylinje
1
74.8
96.7
3
A
2
3
0
0
 117608-1
#nylinje
4
88.2
38
3
I
2
1
0
0
 117611-1
#nylinje
6
68.2
88.6
3
I
2
2
0
0
 117611-2
#nylinje
2
78.2
98
3
G
2
3
0
0
 117614-1
#andre ting
1
0
0
1
