#kundeinfo
26 03 2003
002
116868_
13
#nylinje
3
58.2
58.6
3
I
2
2
0
0
 116868-1
#nylinje
4
68.2
108.6
3
D
2
2
0
0
 116868-2
#nylinje
8
68.2
118.6
3
D
2
2
0
0
 116868-3
#nylinje
2
74.8
116.7
3
D
2
2
0
0
 116868-4
#nylinje
8
78.2
108.6
3
D
2
2
0
0
 116868-8
#nylinje
2
64.8
96.7
3
D
2
2
0
0
 116868-9
#nylinje
1
28.2
98.6
3
I
1
3
0
0
 117123-1
#nylinje
2
117.9
138.1
3
C
4
4
0
0
 117127-1
#nylinje
2
98.2
98.6
3
C
3
3
0
0
 117127-2
#nylinje
1
38.2
38
3
A
2
2
0
0
 117137-2
#nylinje
1
117.9
128.1
3
I
2
2
0
0
 117142-1
#andre ting
1
0
0
1
