#kundeinfo
25 01 2006
002
153669
7
#nylinje
6
88.4
98.9
9
D
2
2
0
0
 153669-1
#nylinje
2
88.4
98.9
9
D
2
2
0
0
 153669-2
#nylinje
4
38.1
128.4
9
D
1
2
0
0
 153669-3 (Fast)
#nylinje
1
28.4
98.9
9
D
1
2
0
0
 153669-4
#nylinje
2
98.1
128.4
9
D
2
2
0
0
 153669-5
#nylinje
1
88.4
38.9
9
D
2
1
0
0
 153669-7
#nylinje
2
24.1
128.4
9
D
1
2
0
0
 153669-8
#nylinje
2
53.2
117
9
D
2
2
0
0
 153669-9 (Dør)
#nylinje
1
75
97
9
D
2
2
0
0
 153669-10
#nylinje
1
65
117
9
D
2
2
0
0
 153669-11 (Dør)
#andre ting
0
1
2
0
