#kundeinfo
25 01 2006
002
153368
7
#nylinje
5
88.4
108.7
9
H
2
2
0
0
 153368-1
#nylinje
2
78.4
98.7
9
H
2
2
0
0
 153368-2
#nylinje
4
88.4
98.7
9
H
2
2
0
0
 153368-3
#nylinje
6
28.4
108.7
9
H
1
2
0
0
 153368-4
#nylinje
2
38.4
98.7
9
H
1
2
0
0
 153368-5 (Glide)
#nylinje
2
28.4
138.7
9
H
1
2
0
0
 153368-6 (Glide)
#nylinje
4
38.1
148.2
9
H
1
2
0
0
 153368-7
#nylinje
2
148.1
148.2
9
H
3
2
0
0
 153368-8
#nylinje
2
65
97.3
9
D
2
2
0
0
 153368-9,10 (Dør)
#nylinje
2
53.2
142.3
9
D
2
2
0
0
 153368-11 (Dør)
#andre ting
0
1
2
0
