#kundeinfo
17 01 2006
002
153516
6
#nylinje
1
55
77
9
A
2
2
0
0
 153516-1
#nylinje
2
68.4
88.3
9
A
2
2
0
0
 153516-2,3
#nylinje
3
38.4
88.3
9
A
2
2
0
0
 153516-4
#nylinje
2
38.4
38.3
9
A
2
2
0
0
 153516-5
#nylinje
1
58.4
88.3
9
A
2
2
0
0
 153516-6
#nylinje
5
68.4
88.3
9
A
2
2
0
0
 153516-7
#nylinje
2
68.4
88.3
9
A
2
2
0
0
 153516-8
#nylinje
2
48.1
168.4
9
A
2
3
0
0
 153516-9 (Fast)
#nylinje
5
108.1
168.4
9
A
2
3
0
0
 153516-10 (Fast)
#nylinje
1
55
162.1
9
A
2
3
0
0
 153516-11 (Dør)
#andre ting
0
1
0
1
