#kundeinfo
24 05 2007
020
51457,51550,51554,51582,51583
23
#nylinje
8
39.7
79.6
3
A
2
3
0
0 0 0
51457-1
#nylinje
2
39.6
79.6
3
A
2
3
0
0 0 0
51457-2,3
#nylinje
6
39.7
79.6
3
A
2
3
0
0 0 0
51457-4
#nylinje
10
39.7
109.6
3
A
2
4
0
0 0 0
51457-5
#nylinje
3
59.6
79.6
3
A
3
3
0
0 0 0
51457-6,6,7
#nylinje
3
59.6
39.6
3
A
3
2
0
0 0 0
51550-1
#nylinje
1
59.6
39.6
3
A
2
1
0
0 0 0
51554-1
#nylinje
10
39.7
89.6
3
A
2
3
0
0 0 0
51582-1
#nylinje
8
39.7
39.6
3
A
2
2
0
0 0 0
51582-2
#nylinje
8
39.7
119.6
3
A
2
4
0
0 0 0
51582-3
#nylinje
1
39.6
89.6
3
A
2
3
0
0 0 0
51582-4
#nylinje
2
39.6
79.6
3
A
2
3
0
0 0 0
51582-5,6
#nylinje
2
59.6
79.6
3
A
3
3
0
0 0 0
51582-7,8
#nylinje
2
138.8
88.8
3
G
3
3
0
0 0 0
51583-1
#andre ting
0
1
0
1
