#kundeinfo
24 05 2007
020
51584,51590,51591
23
#nylinje
4
39.7
79.6
3
A
2
3
0
0 0 0
51584-1
#nylinje
3
59.6
79.6
3
A
3
3
0
0 0 0
51584-2,2,3
#nylinje
1
39.6
79.6
3
A
2
3
0
0 0 0
51584-4
#nylinje
2
39.7
79.6
3
A
2
3
0
0 0 0
51584-5
#nylinje
3
39.6
79.6
3
A
2
3
0
0 0 0
51584-6
#nylinje
2
39.6
39.6
3
A
2
2
0
0 0 0
51584-7,8
#nylinje
4
79.6
39.6
3
A
3
2
0
0 0 0
51590-1
#nylinje
8
39.46
118.6
3
A
2
4
0
0 0 0
51591-1
#nylinje
4
39.48
118.6
3
A
2
4
0
0 0 0
51591-1
#nylinje
4
39.7
118.6
3
A
2
4
0
0 0 0
51591-2
#nylinje
6
39.5
88.6
3
A
2
3
0
0 0 0
51591-3
#nylinje
3
39.6
88.6
3
A
2
3
0
0 0 0
51591-4,4,5
#nylinje
1
39.6
38.6
3
A
2
2
0
0 0 0
51591-6
#nylinje
4
29.6
28.6
3
A
2
2
0
0 0 0
51591-7,8
#nylinje
4
39.46
38.6
3
A
2
2
0
0 0 0
51591-9,10
#nylinje
2
39.48
38.6
3
A
2
2
0
0 0 0
51591-9,10
#andre ting
0
1
0
1
