#kundeinfo
18 05 2007
002
110568
21
#nylinje
20
36.5
37.5
9
A
2
2
0
0 0 0
110568-22,24
#nylinje
12
41.2
41.9
9
A
2
2
0
0 0 0
110568-25,27
#nylinje
4
28.4
37.5
9
A
2
2
0
0 0 0
110568-28
#nylinje
4
26.5
27.5
9
A
2
2
0
0 0 0
110568-30,32
#nylinje
2
38.1
41.9
9
A
2
2
0
0 0 0
110568-33
#nylinje
4
53.3
142.2
9
A
2
3
0
0 0 0
110568-48,50
#nylinje
4
29.8
35.6
9
A
2
2
0
0 0 0
110568-51,53,54,55
#nylinje
10
36.5
37.5
9
A
2
2
0
0 0 0
110568-64,65
#nylinje
3
54.4
54.4
9
A
2
2
0
0 0 0
110568-66_(DIAGONAL)
#andre ting
0
1
2
0
