#kundeinfo
24 05 2007
002
108102,110164
22
#nylinje
2
38.4
88.3
9
A
2
2
0
0 0 0
108102-1,3
#nylinje
2
68.4
98.3
9
A
2
2
0
0 0 0
108102-4,6
#nylinje
1
38.4
88.3
9
A
2
2
0
0 0 0
108102-7
#nylinje
2
58.4
88.3
9
A
2
2
0
0 0 0
108102-8
#nylinje
3
68.4
88.3
9
A
2
2
0
0 0 0
108102-10
#nylinje
2
78.4
88.3
9
A
2
2
0
0 0 0
108102-12
#nylinje
4
78.1
168.4
9
A
2
3
0
0 0 0
108102-14
#nylinje
1
88.1
168.4
9
A
2
3
0
0 0 0
108102-16
#nylinje
2
78.1
52.8
9
A
2
1
0
0 0 0
108102-18,20_(Skråspross)
#nylinje
2
78.1
102
9
A
2
2
0
0 1 0
108102-22,24_(Inndeling_Skrå)
#nylinje
1
55
87.2
9
A
2
2
0
0 0 0
108102-26
#nylinje
1
18.4
128.3
9
A
1
2
0
0 0 0
108102-28
#nylinje
4
88.1
198.4
9
A
2
4
0
0 0 0
110164-1
#nylinje
5
78.4
98.3
9
A
2
3
0
0 0 0
110164-3
#nylinje
3
78.4
38.3
9
A
2
2
0
0 0 0
110164-5
#nylinje
1
38.4
98.3
9
A
2
3
0
0 0 0
110164-7
#nylinje
4
58.4
58.3
9
A
2
2
0
0 0 0
110164-9
#nylinje
4
55
179.6
9
A
2
4
0
0 0 0
110164-11,11,13,14
#andre ting
0
1
2
0
