#kundeinfo
24 05 2007
002
108629,111568,111616
22
#nylinje
3
38.4
88.3
9
A
2
2
0
0 0 0
108629-1,3,7
#nylinje
2
58.4
88.3
9
A
2
2
0
0 0 0
108629-4,6
#nylinje
3
68.4
88.3
9
A
2
2
0
0 0 0
108629-8,10,10
#nylinje
4
88.4
88.3
9
A
2
2
0
0 0 0
108629-11,13_(Lukke)
#nylinje
2
168.1
48.4
9
A
3
1
0
0 0 0
108629-24
#nylinje
3
78.1
168.4
9
A
2
3
0
0 0 0
108629-14
#nylinje
2
78.1
102
9
A
2
2
0
0 1 0
108629-16,18_(Inndeling_Skrå)
#nylinje
1
78.1
52.8
9
A
2
1
0
0 0 0
108629-20_(Skrå)
#nylinje
1
55
87.2
9
A
2
2
0
0 1 0
108629-22_(Dør)
#nylinje
1
88.4
68.3
9
B
4
3
0
0 0 0
111568-1
#nylinje
1
38.4
48.3
9
A
2
2
0
0 0 0
111568-3
#nylinje
1
98.4
38.9
9
I
2
1
0
0 0 0
111616-1
#andre ting
0
1
2
0
