#kundeinfo
18 05 2007
002
111372,111410,111454
21
#nylinje
1
55
142.2
9
A
2
4
0
0 0 0
111372-1
#nylinje
4
78.1
148.4
9
G
2
4
0
0 0 0
111410-1_(FAST)
#nylinje
10
26.5
88.3
9
A
1
3
0
0 0 0
111410-3,5
#nylinje
2
38.4
88.3
9
A
1
3
0
0 0 0
111410-6,8
#nylinje
2
26.5
48.3
9
A
1
2
0
0 0 0
111410-9,10
#nylinje
2
26.5
68.3
9
A
1
2
0
0 0 0
111410-12,13
#nylinje
2
188.1
109.4
9
A
4
3
0
0 0 0
111410-15,17_(TREKANT)
#nylinje
2
78.3
142.2
9
G
2
4
0
0 1 0
111410-19,21_(DØR)
#nylinje
2
78.3
162.2
9
A
2
3
0
0 0 0
111454-1,3
#nylinje
2
108.1
48.4
9
A
3
2
0
0 0 0
111497-1
#andre ting
0
1
2
0
