#kundeinfo
14 05 2007
002
110166
20
#nylinje
11
88.1
148.4
9
G
2
4
0
0 0 0
110166-1_(Fast)
#nylinje
2
78.4
138.9
9
G
2
4
0
0 0 0
110166-3
#nylinje
1
75
97.2
9
G
2
3
0
0 1 0
110166-5_(Inndeling)
#nylinje
1
88.1
34.6
9
G
2
1
0
0 0 0
110166-35
#nylinje
2
53.3
142.2
9
G
2
4
0
0 1 0
110166-7,9_(Dør)
#nylinje
2
48.1
178.4
9
A
2
5
0
0 0 0
110166-11
#nylinje
2
88.1
178.4
9
G
2
5
0
0 0 0
110166-13_(Fast)
#nylinje
2
53.3
172.2
9
G
2
5
0
0 1 0
110166-15,17_(Dør)
#nylinje
2
78.4
98.9
9
G
2
3
0
0 0 0
110166-18
#nylinje
1
38.4
98.9
9
A
1
4
0
0 0 0
110166-20
#nylinje
4
68.4
98.9
9
G
2
3
0
0 0 0
110166-24
#nylinje
4
88.4
118.9
9
G
2
3
0
0 0 0
110166-26
#nylinje
2
38.4
118.9
9
A
1
4
0
0 0 0
110166-28_(Glide)
#nylinje
2
53.3
117.2
9
G
2
4
0
0 1 0
110166-30,32_(Dør)
#nylinje
4
48.1
108.4
9
A
1
3
0
0 0 0
110166-41
#nylinje
1
88.1
168.4
9
G
2
4
0
0 0 0
110166-49
#nylinje
2
58.4
68.9
9
A
2
3
0
0 0 0
110166-45
#nylinje
5
78.4
138.9
9
G
2
4
0
0 0 0
110166-47
#andre ting
0
1
2
0
