#kundeinfo
22 05 2007
002
108952,111432
21
#nylinje
5
98.4
58.3
9
B
4
2
0
0 0 0
108952-3
#nylinje
2
65
97.2
9
G
2
3
0
0 0 0
108952-5
#nylinje
3
108.1
138.4
9
B
4
3
0
0 0 0
108952-9
#nylinje
1
98.4
128.9
9
B
4
3
0
0 0 0
108952-11
#nylinje
4
48.1
138.4
9
A
2
3
0
0 0 0
108952-13
#nylinje
2
63.3
132.2
9
A
2
3
0
0 0 0
108952-15,17
#nylinje
1
65
97.2
9
A
2
3
0
0 0 0
108952-22
#nylinje
8
108.1
138.4
9
A
2
2
0
0 0 0
111432-1
#nylinje
8
98.4
128.9
9
A
2
2
0
0 0 0
111432-2
#nylinje
4
98.4
118.9
9
A
2
2
0
0 0 0
111432-3
#nylinje
2
65
132.2
9
A
2
2
0
0 0 0
111432-5,6
#andre ting
0
1
2
0
