#kundeinfo
14 05 2007
002
110741
20
#nylinje
3
88.4
98.3
9
A
3
3
0
0 0 0
110741-1
#nylinje
3
98.1
148.4
9
A
3
4
0
0 0 0
110741-3
#nylinje
3
68.4
88.3
9
A
2
3
0
0 0 0
110741-5
#nylinje
1
68.4
38.3
9
A
3
2
0
0 0 0
110741-7
#nylinje
3
38.4
98.3
9
A
2
3
0
0 0 0
110741-9
#nylinje
1
148.1
108.4
9
B
4
3
0
0 0 0
110741-11
#nylinje
1
65
107.2
9
A
2
3
0
0 0 0
110741-13
#nylinje
5
58.4
78.3
9
A
2
3
0
0 0 0
110741-15,15,15,17,17
#nylinje
2
38.4
38.3
9
A
2
2
0
0 0 0
110741-18
#nylinje
1
55
77.2
9
A
2
3
0
0 0 0
110741-20
#andre ting
0
1
2
0
