#kundeinfo
15 03 2004
002
127763,127664,127587
12
#nylinje
2
58.2
98.6
9
D
2
2
0
0
 127763-1
#nylinje
1
38.2
98
9
A
1
3
0
0
 127664-2
#nylinje
2
21.3
78
9
A
1
3
0
0
 127664-1
#nylinje
2
68.2
88.6
9
G
2
3
0
0
 127587-9
#nylinje
3
88.2
88.6
9
G
2
3
0
0
 127587-8
#nylinje
1
64.8
96.7
9
G
2
3
0
0
 127587-7
#nylinje
2
53
161.8
9
A
2
4
0
0
 127587-6
#nylinje
2
27.9
198.1
9
A
1
4
0
0
 127587-5
#nylinje
2
97.9
148.1
9
G
2
4
0
0
 127587-4
#nylinje
7
88.2
98.6
9
G
2
3
0
0
 127587-3
#nylinje
1
88.2
68.6
9
G
2
3
0
0
 127587-2
#nylinje
4
88.2
98.6
9
G
2
3
0
0
 127587-1
#andre ting
1
0
2
0
