#kundeinfo
19 03 2004
002
128162,128098
13
#nylinje
1
74.8
86.7
9
D
2
2
0
0
 128162-16
#nylinje
2
53
131.8
9
D
2
2
0
0
 128162-14 (Topp)
#nylinje
1
74.8
101.8
9
D
2
2
0
0
 128162-13 (Topp)
#nylinje
1
74.8
96.7
9
D
2
2
0
0
 128162-12 (Topp)
#nylinje
4
78.2
88.6
9
D
2
2
0
0
 128162-10,11
#nylinje
2
78.2
48.6
9
I
2
2
0
0
 128162-9
#nylinje
4
58.2
98.6
9
D
2
2
0
0
 128162-8
#nylinje
3
78.2
88.6
9
D
2
2
0
0
 128162-7
#nylinje
1
88.2
58.6
9
I
2
2
0
0
 128162-6
#nylinje
1
78.2
98.6
9
D
2
2
0
0
 128162-5
#nylinje
1
78.2
48.6
9
I
2
2
0
0
 128162-4
#nylinje
1
87.9
138.1
9
D
2
2
0
0
 128162-3
#nylinje
1
137.9
138.1
9
D2
3
2
0
0
 128162-2
#nylinje
4
37.9
108.1
9
D
1
2
0
0
 128162-1 (Flukte)
#nylinje
1
47.9
88.1
9
A
2
3
0
0
 128098-1
#andre ting
1
0
0
1
