#kundeinfo
18 03 2004
002
127880,127876,127800
13
#nylinje
1
78.2
98.6
9
A
2
2
0
0
 127880-4
#nylinje
3
78.2
78.6
9
A
2
2
0
0
 127880-3
#nylinje
2
78.2
28.6
9
A
2
1
0
0
 127880-2
#nylinje
1
78.2
98.6
9
A
2
2
0
0
 127876-5
#nylinje
2
78.2
78.6
9
A
2
2
0
0
 127876-3
#nylinje
2
78.2
28.6
9
A
2
1
0
0
 127876-2
#nylinje
1
167.9
148.1
9
D2
3
2
0
0
 127800-14
#nylinje
4
88.2
98.6
9
D
2
2
0
0
 127800-13
#nylinje
1
64.8
101.8
9
D
1
2
0
0
 127800-11 (Dør)
#nylinje
2
48.2
98.6
9
D
1
2
0
0
 127800-10
#nylinje
2
88.2
98.6
9
D
2
2
0
0
 127800-8
#nylinje
2
37.9
108.1
9
D
1
2
0
0
 127800-7 (Fast)
#nylinje
2
53
141.8
9
D
1
2
0
0
 127800-6 (Dør)
#nylinje
1
88.2
88.6
9
D
2
2
0
0
 127800-3
#nylinje
2
67.9
148.1
9
D
1
2
0
0
 127800-2 (Fast)
#nylinje
3
167.9
148.1
9
D2
3
2
0
0
 127800-1
#andre ting
1
0
2
0
