#kundeinfo
15 11 2007
002
120608
48
#nylinje
6
88.4
98.9
9
A
4
4
0
0 0 0
120608-1
#nylinje
4
58.4
98.9
9
A
2
3
0
0 0 0
120608-3
#nylinje
7
88.4
48.9
9
A
4
2
0
0 0 0
120608-5
#nylinje
1
88.4
88.9
9
A
4
4
0
0 0 0
120608-7
#nylinje
1
98.4
138.9
9
A
4
4
0
0 0 0
120608-9
#nylinje
2
108.1
148.4
9
A
4
4
0
0 0 0
120608-11
#nylinje
4
38.1
148.4
9
A
2
4
0
0 0 0
120608-13
#nylinje
2
78.1
148.4
9
A
3
4
0
0 0 0
120608-15
#nylinje
2
53.3
142.2
9
A
2
4
0
0 0 0
120608-17,19
#nylinje
1
75
97.2
9
A
3
3
0
0 0 0
120608-20
#andre ting
1
0
2
0
