#kundeinfo
22 11 2010
036
447,338,440,417,288
48
#nylinje
2
59.6
79
3
A
3
3
0
0 0 0
447-1,2
#nylinje
12
37.15
31.85
3
A
2
2
0
0 0 0
338-1
#nylinje
2
35.75
31.85
3
A
2
2
0
0 0 0
338-3
#nylinje
4
37.15
25.2
3
A
2
2
0
0 0 0
338-2
#nylinje
3
59.6
79
3
A
3
3
0
0 0 0
440-1,2
#nylinje
8
42.75
78.8
3
A
2
3
0
0 0 0
440-3
#nylinje
2
79.6
39
3
A
4
2
0
0 0 0
440-4
#nylinje
2
71.8
185.8
3
A
1
3
0
0 1 0
417-3_(Se_tegning)
#nylinje
8
48.05
89
3
A
2
3
0
0 0 0
288-1
#nylinje
3
59.6
89
3
A
2
3
0
0 0 0
288-2H,2H,2V
#nylinje
2
79.6
109
3
A
3
4
0
0 0 0
288-3
#nylinje
1
56.8
109
3
A
2
4
0
0 0 0
288-4
#andre ting
0
1
0
1
