#kundeinfo
22 11 2010
002
163329,163392,163419
47
#nylinje
3
58.9
79.5
9
A
2
2
0
0 0 0
163329-1,1,3
#nylinje
2
58.9
59.5
9
A
2
2
0
0 0 0
163329-4,6
#nylinje
1
38.9
89.5
9
A
2
2
0
0 0 0
163329-7
#nylinje
2
58.9
89.5
9
A
2
2
0
0 0 0
163329-9
#nylinje
2
98.9
89.5
9
A
2
2
0
0 0 0
163329-11
#nylinje
2
53.4
122.6
9
A
2
3
0
0 0 0
163329-17,19
#nylinje
1
78.9
99.5
9
G
2
3
0
0 0 0
163392-1
#nylinje
1
75.3
97.6
9
G
2
3
0
0 0 0
163392-3
#nylinje
4
88.9
39.5
9
A
2
1
0
0 0 0
163419-1
#nylinje
5
68.9
99.5
9
A
2
3
0
0 0 0
163419-3
#nylinje
1
28.8
99.5
9
A
1
3
0
0 0 0
163419-5
#nylinje
2
65.3
97.6
9
A
1
2
0
0 1 0
163419-7,9_(Inndeling)
#nylinje
6
37.45
90.9
9
A
2
2
0
0 0 0
163437-1,3,5,6,7,8
#nylinje
4
58.9
99.5
9
G
2
3
0
0 0 0
163487-1
#nylinje
5
89.4
99.8
3
A
2
2
0
0 0 0
Dolve_(Direkte)
#andre ting
0
1
2
0
