#kundeinfo
08 11 2010
002
162746,153252
45
#nylinje
2
28.8
33.05
9
A
2
2
0
0 0 0
162708-1,3
#nylinje
1
159.4
199.5
9
I
3
1
0
0 0 0
162746-1
#nylinje
1
38.9
99.5
9
A
2
3
0
0 0 0
162746-3
#nylinje
2
78.9
99.5
9
A
2
3
0
0 0 0
162746-5
#nylinje
2
54.9
99.5
9
A
2
3
0
0 0 0
162746-7
#nylinje
1
38.9
89.5
9
A
2
3
0
0 0 0
162746-9
#nylinje
2
53.4
155.3
9
A
2
6
0
0 0 0
162877-1,3
#nylinje
2
118.9
139.5
9
I
2
2
0
0 0 0
162971-1
#nylinje
2
31.4
152.5
9
A
1
3
0
0 0 0
163039-1
#nylinje
4
58.9
89.5
9
I
2
2
0
0 0 0
163252-1,3
#nylinje
1
18.8
89.5
9
I
1
2
0
0 0 0
163252-4
#nylinje
4
58.9
59.5
9
I
2
2
0
0 0 0
163252-6
#nylinje
7
68.9
89.5
9
I
2
2
0
0 0 0
163252-8,8,8,10,10,10,10
#nylinje
4
79.4
169.5
9
I
2
3
0
0 0 0
163252-11
#nylinje
2
79.4
102.97
9
I
2
2
0
0 1 0
163252-13,15_(Inndeling,skrå)
#nylinje
1
79.4
53.37
9
I
2
1
0
0 0 0
163252-17_(Skrå)
#nylinje
1
65.3
87.6
9
I
2
2
0
0 0 0
163252-19
#nylinje
1
65.8
97.9
3
A
2
3
0
0 0 0
161987
#nylinje
2
52
134.4
3
A
2
2
0
0 0 0
Per_Gjertsen_(Direkte)
#andre ting
0
1
2
0
