#kundeinfo
09 07 2008
046
13723,13726
33
#nylinje
6
40.13
119.4
3
A
2
4
0
0 0 0
13723-1
#nylinje
4
40.4
40.4
3
A
2
2
0
0 0 0
13723-2
#nylinje
6
40.4
89.4
3
A
2
3
0
0 0 0
13723-3
#nylinje
2
33.4
79.4
3
A
2
3
0
0 0 0
13723-4
#nylinje
8
40.4
119.4
3
A
2
4
0
0 0 0
13723-5
#nylinje
2
40.2
60.4
3
A
2
2
0
0 0 0
13723-6,7
#nylinje
5
40.2
89.4
3
A
2
3
0
0 0 0
13723-8,8,8,9,9
#nylinje
6
40.13
119.4
3
A
2
4
0
0 0 0
13726-1
#nylinje
3
40.13
79.4
3
A
2
3
0
0 0 0
13726-2
#nylinje
8
40.4
89.4
3
A
2
3
0
0 0 0
13726-3
#nylinje
12
40.4
119.4
3
A
2
4
0
0 0 0
13726-4
#nylinje
2
40.2
79.4
3
A
2
3
0
0 0 0
13726-5,6
#andre ting
0
1
0
0
