#kundeinfo
14 02 2006
002
_
7
#nylinje
2
58.2
127.5
9
A
2
4
0
0 0 0
154284-5
#nylinje
1
55
142.1
9
A
2
4
0
0 0 0
154268-1
#nylinje
2
38.4
138.3
9
A
2
3
0
0 0 0
154100-1,2
#nylinje
2
65
97
9
A
2
3
0
0 0 0
154089-1
#nylinje
4
68.2
142.1
9
A
2
4
0
0 0 0
154089-2
#nylinje
4
78.1
128.4
9
A
2
3
0
0 0 0
154089-3
#nylinje
10
68.4
98.9
9
A
2
3
0
0 0 0
154089-4
#nylinje
2
58.4
58.9
9
A
2
2
0
0 0 0
154089-6
#nylinje
2
65
97
9
A
2
3
0
0 1 0
154089-7_(Dør)
#nylinje
1
38.4
98.9
9
A
2
3
0
0 0 0
154057-1
#nylinje
1
65
127.5
9
A
2
4
0
0 0 0
154284-6
#nylinje
1
98.4
98.9
9
A
3
3
0
0 0 0
154057-2
#nylinje
3
25.8
128.3
9
A
1
3
0
0 0 0
154027-1
#nylinje
3
25.8
98.3
9
A
1
3
0
0 0 0
154027-2
#nylinje
2
88.1
140.7
3
A
2
2
0
0 0 0
154549-11,12_(Trekant)
#nylinje
3
78.4
118.7
9
A
2
2
0
0 0 0
154549-2
#nylinje
5
78.4
98.7
9
A
2
2
0
0 0 0
154549-9
#nylinje
1
75
97.3
9
A
2
2
0
0 0 0
154549-14
#andre ting
0
1
2
0
