#kundeinfo
24 02 2006
002
154914,154530,154881
9
#nylinje
2
78.4
88.7
9
G
2
3
0
0 0 0
154914-1
#nylinje
3
28.4
88.7
9
A
1
3
0
0 0 0
154914-2
#nylinje
2
78.4
48.7
9
G
2
2
0
0 0 0
154914-3
#nylinje
1
55
87.3
9
G
2
3
0
0 0 0
154914-4
#nylinje
1
55
87.3
9
G
2
3
0
0 0 0
154914-5
#nylinje
3
88.1
148.2
9
B
4
4
0
0 0 0
154530-1
#nylinje
2
38.1
148.2
9
A
2
4
0
0 0 0
154530-2
#nylinje
5
78.4
98.7
9
B
4
4
0
0 0 0
154530-3
#nylinje
1
68.4
38.7
9
B
4
2
0
0 0 0
154530-4
#nylinje
3
78.4
58.7
9
B
4
3
0
0 0 0
154530-5
#nylinje
1
75
142.3
9
B
4
4
0
0 0 0
154530-6
#nylinje
11
108.4
98.7
9
B
4
3
0
0 0 0
154881-1
#andre ting
0
1
2
0
