#kundeinfo
17 02 2006
002
155037,155015,155013
8
#nylinje
4
58.4
98.9
9
A
2
2
0
0 0 0
155037-1
#nylinje
2
38.4
78.3
9
A
1
2
0
0 0 0
155037-2
#nylinje
1
55
97
9
A
1
2
0
0 0 0
155037-3
#nylinje
2
58.4
58.9
9
A
2
2
0
0 0 0
155037-5
#nylinje
3
98.4
58.9
9
A
2
2
0
0 0 0
155037-6
#nylinje
4
108.1
118.4
9
A
2
2
0
0 0 0
155037-7
#nylinje
2
58.2
142.1
9
A
1
2
0
0 0 0
155037-8
#nylinje
4
31.5
98.3
9
D
1
2
0
0 0 0
155015-2
#nylinje
12
32.5
98.3
9
D
1
2
0
0 0 0
155015-3
#nylinje
8
31.5
98.3
9
D
1
2
0
0 0 0
155015-6
#nylinje
2
31.5
98.3
9
D
1
2
0
0 0 0
155015-7
#nylinje
1
58.4
98.9
9
A
2
3
0
0 0 0
155013-1_(Glide)
#nylinje
2
58.2
97
9
A
2
3
0
0 1 0
155013-2_(Dør)
#andre ting
0
1
2
0
