#kundeinfo
14 10 2005
002
148887,148761,148705
42
#nylinje
4
98.1
148.4
9
D
2
2
0
0
 148887-1
#nylinje
4
38.1
168.4
9
D
1
2
0
0
 148887-2,3 (Fast)
#nylinje
2
38.1
118.4
9
D
1
2
0
0
 148887-4 (Fast)
#nylinje
10
78.4
98.9
9
D
2
2
0
0
 148887-5
#nylinje
2
78.4
68.9
9
I
2
2
0
0
 148887-6
#nylinje
2
58.2
162.1
9
D
1
2
0
0
 148887-8 (Dør)
#nylinje
1
75
112.1
9
D
1
2
0
0
 148887-9 (Dør)
#nylinje
6
38.5
95.3
9
A
1
3
0
0
 148761-1
#nylinje
2
20
61.3
9
A
1
3
0
0
 148761-2
#nylinje
2
65
159.5
9
A
2
5
0
0
 148761-3 (Dør)
#nylinje
1
18.1
178.4
9
A
1
5
0
0
 148761-4 (Fast)
#nylinje
1
75.4
127.9
9
D
2
2
0
0
 148705-1
#andre ting
0
1
2
0
