#kundeinfo
10 10 2005
002
148561,148539
41
#nylinje
3
32.5
68.3
9
A
2
3
0
0
 148561-1
#nylinje
1
38.1
38.4
9
A
2
2
0
0
 148561-2
#nylinje
6
78.4
128.9
9
A
2
3
0
0
 148539-1
#nylinje
4
68.4
108.9
9
A
2
3
0
0
 148539-2 (Glide)
#nylinje
8
78.4
98.9
9
A
2
3
0
0
 148539-3 (Glide)
#nylinje
1
78.4
108.9
9
A
2
3
0
0
 148539-4
#nylinje
1
48.1
158.4
9
A
2
3
0
0
 148539-5
#nylinje
4
78.4
118.9
9
A
2
3
0
0
 148539-6
#nylinje
2
68.4
118.9
9
A
2
3
0
0
 148539-7 (Glide)
#nylinje
1
38.4
98.9
9
A
1
3
0
0
 148539-8
#nylinje
2
53.2
107
9
A
2
3
0
0
 148539-9 (Dør-2)
#nylinje
2
53.2
117
9
A
2
3
0
0
 148539-10 (Dør-7)
#nylinje
1
65
106.9
9
A
2
3
0
0
 148539-11 (Dør-2)
#nylinje
1
75
96.9
9
A
2
3
0
0
 148539-12 (Dør-3)
#andre ting
0
1
2
0
