#kundeinfo
31 10 2005
002
150553,150518,150315
44
#nylinje
4
58.4
88.3
9
A
2
2
0
0
 150553-1,2
#nylinje
2
38.4
88.3
9
A
2
2
0
0
 150553-6
#nylinje
2
98.4
38.3
9
A
2
1
0
0
 150553-7
#nylinje
5
78.4
88.3
9
A
2
2
0
0
 150553-8,8,8,8,9
#nylinje
2
88.1
138.4
9
A
2
3
0
0
 150553-10
#nylinje
1
55
132.1
9
A
2
3
0
0
 150553-11
#nylinje
1
28.4
78.3
9
A
2
3
0
0
 150518-2
#nylinje
8
88.4
98.3
9
A
3
4
0
0
 150315-1 (Lukke)
#nylinje
3
88.4
38.3
9
A
3
2
0
0
 150315-2
#nylinje
1
75
97
9
A
3
4
0
0
 150315-3 (Dør)
#andre ting
0
1
0
1
