#kundeinfo
10 10 2005
002
148832,148783
41
#nylinje
1
55
127
9
A
2
3
0
0
 148832-1
#nylinje
3
38.4
88.3
9
A
2
2
0
0
 148832-2,3,7
#nylinje
9
68.4
88.3
9
A
2
2
0
0
 148832-4,5,9,9,9,10,10,11,11
#nylinje
1
38.4
38.3
9
A
2
2
0
0
 148832-6
#nylinje
1
58.4
88.3
9
A
2
2
0
0
 148832-8
#nylinje
2
78.4
88.3
9
A
2
2
0
0
 148832-12
#nylinje
2
48.1
168.4
9
A
2
3
0
0
 148832-13
#nylinje
3
108.1
168.4
9
A
2
3
0
0
 148832-14
#nylinje
1
55
87
9
A
2
2
0
0
 148832-15
#nylinje
1
48.1
168.4
9
A
1
3
0
0
 148783-1
#nylinje
2
38.4
98.9
9
A
1
2
0
0
 148783-2
#andre ting
0
1
0
1
