#kundeinfo
16 08 2005
002
145889,145869
33
#nylinje
1
58.4
88.3
9
A
2
3
0
0
 145889-1
#nylinje
1
55
87
9
A
2
3
0
0
 145889-2
#nylinje
1
68.4
48.3
9
A
2
2
0
0
 145889-3
#nylinje
3
68.4
88.3
9
A
2
3
0
0
 145889-4,4,6
#nylinje
7
68.4
88.3
9
A
2
3
0
0
 145889-5
#nylinje
5
108.1
138.4
9
A
2
3
0
0
 145889-7
#nylinje
1
55
132.1
9
A
2
3
0
0
 145889-8
#nylinje
4
38.4
88.3
9
A
2
2
0
0
 145869-1,2
#nylinje
1
88.4
58.3
9
A
2
2
0
0
 145869-3
#nylinje
1
58.4
88.3
9
A
2
2
0
0
 145869-4
#nylinje
5
68.4
88.3
9
A
2
2
0
0
 145869-5,6,6,7,8
#nylinje
2
78.4
88.3
9
A
2
2
0
0
 145869-9,10
#nylinje
2
98.4
38.3
9
A
2
1
0
0
 145869-11
#nylinje
2
88.1
128.4
9
A
2
2
0
0
 145869-12
#nylinje
1
55
87
9
A
2
2
0
0
 145869-13
#andre ting
0
1
0
1
