#kundeinfo
16 08 2005
002
146418,146281
34
#nylinje
2
38.4
38.3
9
I
2
2
0
0
 146890-1
#nylinje
3
98.4
98.9
9
I
2
2
0
0
 146878-1
#nylinje
1
58.4
78.9
9
A
2
3
0
0
 146418-4
#nylinje
2
38.4
78.9
9
A
2
3
0
0
 146418-5
#nylinje
2
88.1
48.4
9
A
3
2
0
0
 146418-6
#nylinje
4
38.4
38.9
9
A
2
2
0
0
 146418-7
#nylinje
2
58.4
58.3
9
A
3
2
0
0
 146281-1,2
#nylinje
2
38.4
88.3
9
A
2
3
0
0
 146281-3,4
#nylinje
1
58.4
88.3
9
A
2
3
0
0
 146281-5
#nylinje
2
68.4
88.3
9
A
2
3
0
0
 146281-6,7
#nylinje
4
41.5
88.3
9
A
2
3
0
0
 146281-8
#nylinje
6
84.1
137.1
9
A
1
3
0
0
 146281-9,10,11,12,13,14
#nylinje
2
55
87
9
A
2
3
0
0
 146281-15,16
#andre ting
0
1
0
1
