#kundeinfo
26 08 2005
002
147014,146705,146599
35
#nylinje
1
38.1
42
9
A
2
2
0
0
 147014-4
#nylinje
2
38
37.3
9
A
2
2
0
0
 147014-6
#nylinje
6
36.6
37.5
9
A
2
2
0
0
 147014-7
#nylinje
3
88.1
168.4
9
A
2
4
0
0
 146892-1
#nylinje
1
47.1
128.6
9
A
2
5
0
0
 146705-1
#nylinje
1
49.3
128.6
9
A
2
5
0
0
 146705-1
#nylinje
4
58.4
88.3
9
A
2
2
0
0
 146599-1,2
#nylinje
1
38.4
88.3
9
A
2
2
0
0
 146599-5
#nylinje
1
18.4
88.3
9
A
1
3
0
0
 146599-6
#nylinje
6
68.4
88.3
9
A
2
2
0
0
 146599-7,7,7,7,8,8
#nylinje
2
98.4
38.3
9
A
2
1
0
0
 146599-9
#nylinje
2
88.1
128.4
9
A
2
2
0
0
 146599-10
#nylinje
1
55
122.1
9
A
2
2
0
0
 146599-11
#andre ting
0
1
2
0
