#kundeinfo
26 08 2005
002
147730,147886,147679,147526
36
#nylinje
20
31.6
88.9
9
A
2
3
0
0
 147730-1
#nylinje
2
31.6
68.9
9
A
2
3
0
0
 147730-2
#nylinje
4
38.4
38.9
9
A
2
2
0
0
 147730-3
#nylinje
2
28.4
78.3
9
A
2
3
0
0
 147729-2
#nylinje
2
78.4
38.1
9
A
2
2
0
0
 147886-2
#nylinje
2
68.4
68.3
9
A
2
2
0
0
 147679-1
#nylinje
2
138.1
168.4
9
A
2
2
0
0
 147679-2
#nylinje
4
78.4
88.3
9
A
2
2
0
0
 147606-2
#nylinje
1
148.1
88.4
9
A
6
3
0
0
 147526-1
#nylinje
1
32.4
48.3
9
A
2
2
0
0
 147526-2
#andre ting
0
1
0
1
