#kundeinfo
04 08 2005
002
145887
32
#nylinje
8
31.5
32.3
9
A
2
2
0
0
 145887-1
#nylinje
10
31.5
32.3
9
A
2
2
0
0
 145887-2
#nylinje
4
38.1
42
9
A
2
2
0
0
 145887-3 (Fast)
#nylinje
4
36.2
42
9
A
2
2
0
0
 145887-4
#nylinje
6
29.2
37.3
9
A
2
2
0
0
 145887-5
#nylinje
6
25.8
37.3
9
A
2
2
0
0
 145887-6
#nylinje
6
25.8
37.3
9
A
2
2
0
0
 145887-7
#nylinje
2
68.4
38.3
9
A
3
2
0
0
 145887-8
#nylinje
16
31.5
37.3
9
A
2
2
0
0
 145887-9
#nylinje
2
38.1
42
9
A
2
2
0
0
 145887-10
#nylinje
4
26.5
37.3
9
A
2
2
0
0
 145887-11
#nylinje
1
38.4
37.3
9
A
2
2
0
0
 145887-12 (Lukke)
#nylinje
1
48.1
42
9
A
2
2
0
0
 145887-13 (Fast)
#nylinje
8
24
35.5
9
A
2
2
0
0
 145887-14 (Dør)
#nylinje
2
29.9
35.5
9
A
2
2
0
0
 145887-15 (Dør)
#andre ting
0
1
2
0
