#kundeinfo
08 08 2005
002
146518,146501
33
#nylinje
9
88.4
98.9
9
A
2
3
0
0
 146518-1
#nylinje
2
88.4
58.9
9
A
2
2
0
0
 146518-2
#nylinje
2
98.1
168.4
9
A
3
4
0
0
 146518-3
#nylinje
1
28.4
98.9
9
A
1
3
0
0
 146518-4
#nylinje
1
128.4
98.9
9
A
3
3
0
0
 146518-5
#nylinje
2
88.4
98.9
9
A
2
3
0
0
 146518-7
#nylinje
2
38.4
98.3
9
A
2
3
0
0
 146501-1
#nylinje
1
55
96.8
9
A
2
3
0
0
 146501-4
#nylinje
1
68.4
68.3
9
A
3
3
0
0
 146501-3
#nylinje
1
138.1
58.4
9
A
6
2
0
0
 146487-1
#nylinje
1
75
139.6
9
A
2
3
0
0
 146443-1
#nylinje
2
78.4
68.9
9
A
1
2
0
0
 146430-1
#nylinje
1
98.1
128.4
9
A
2
3
0
0
 146384-1
#andre ting
0
1
0
1
