#kundeinfo
16 08 2005
002
146347,146113
33
#nylinje
2
38.4
58.3
9
C
1
2
0
0
 146347-1
#nylinje
3
88.4
118.9
9
G
2
3
0
0
 146113-1,1,2
#nylinje
2
68.4
98.9
9
G
2
3
0
0
 146113-3
#nylinje
1
88.4
38.9
9
I
2
1
0
0
 146113-4
#nylinje
6
38.1
148.4
9
A
1
3
0
0
 146113-5
#nylinje
2
138.1
148.4
9
G
3
3
0
0
 146113-6
#nylinje
2
53.2
142.1
9
A
2
3
0
0
 146113-7
#nylinje
2
28.4
98.9
9
A
1
3
0
0
 146113-8
#nylinje
1
75
97
9
A
2
3
0
0
 146113-10
#nylinje
1
88.4
98.9
9
G
2
3
0
0
 146113-11
#andre ting
0
1
2
0
