#kundeinfo
23 04 2003
002
117808,117674,117632
17
#nylinje
3
38.2
38
3
A
2
2
0
0
 117808-1,2
#nylinje
1
54.8
131.8
3
A
2
3
0
0
 117808-10
#nylinje
4
41.3
88
3
A
2
3
0
0
 117808-7
#nylinje
2
58.2
58
3
A
3
2
0
0
 117808-5,6
#nylinje
3
68.2
88
3
A
3
3
0
0
 117808-3,4
#nylinje
2
88.2
38
3
A
4
2
0
0
 117808-8
#nylinje
2
107.9
138.1
3
A
4
3
0
0
 117808-9
#nylinje
1
57.9
58.1
3
A
2
2
0
0
 117674-9
#nylinje
1
64.8
131.8
3
A
2
3
0
0
 117674-4
#nylinje
1
107.9
58.1
3
A
3
2
0
0
 117674-8
#nylinje
1
108.2
88.6
3
A
3
2
0
0
 117674-2
#nylinje
2
98.2
88.6
3
A
3
2
0
0
 117674-1
#nylinje
1
98.2
98.6
3
A
3
3
0
0
 117674-7
#nylinje
2
108.2
88.6
3
A
3
3
0
0
 117674-6
#nylinje
2
107.9
148.1
3
A
3
3
0
0
 117674-5
#nylinje
1
97.9
138.1
3
A
3
3
0
0
 117674-3
#nylinje
4
31.3
98
3
A
1
3
0
0
 117632
#nylinje
4
36.3
98
3
A
1
3
0
0
 117632
#andre ting
1
0
0
1
