#kundeinfo
18 05 2010
002
151391,154517,154823
20
#nylinje
4
58.9
59.5
9
A
2
2
0
0 0 0
151391-1,3,24,24
#nylinje
2
88.9
89.5
9
A
2
2
0
0 0 0
151391-9
#nylinje
2
109.4
139.5
9
A
3
3
0
0 0 0
151391-11
#nylinje
1
55.3
132.6
9
A
2
3
0
0 0 0
151391-13
#nylinje
6
68.9
89.5
9
A
2
2
0
0 0 0
151391-25,26
#nylinje
2
78.9
119.5
9
A
2
3
0
0 0 0
154517-1
#nylinje
2
68.9
99.5
9
A
2
3
0
0 0 0
154517-3
#nylinje
3
139.4
139.5
9
A
4
4
0
0 0 0
154531-1
#nylinje
1
99.4
59.5
9
A
2
2
0
0 0 0
154533-1
#nylinje
8
68.9
99.5
9
A
2
2
0
0 1 0
154823-1,1,1,3,3,3,3,3_(Inndeling)
#nylinje
1
38.9
39.5
9
A
2
2
0
0 0 0
154823-4
#nylinje
1
28.8
99.5
9
A
1
2
0
0 1 0
154823-6_(Inndeling)
#nylinje
4
53.4
152.6
9
A
2
2
0
0 1 0
154823-8,10_
#nylinje
2
159.4
159.5
9
A
3
2
0
0 1 0
154823-190_(Se_tegning)
#andre ting
0
1
2
0
