#kundeinfo
28 10 2009
002
147566,147768,147814
44
#nylinje
2
139.4
139.5
9
A
4
4
0
0 0 0
147566-1
#nylinje
2
99.4
139.5
9
A
3
4
0
0 0 0
147566-3
#nylinje
1
98.9
109.5
9
A
3
3
0
0 0 0
147566-5
#nylinje
2
38.9
79.5
9
A
2
3
0
0 0 0
147768-1
#nylinje
2
129.4
139.5
9
A
3
3
0
0 0 0
147768-3
#nylinje
2
129.4
115.99
9
A
3
2
0
0 1 0
147768-5,7_(Skrå,Inndeling)
#nylinje
4
79.4
139.5
9
A
2
3
0
0 0 0
147768-9
#nylinje
10
68.9
89.5
9
A
2
3
0
0 0 0
147768-11
#nylinje
1
68.9
39.5
9
A
2
1
0
0 0 0
147768-13
#nylinje
2
53.4
132.6
9
A
2
3
0
0 1 0
147768-15,17_(Inndeling)
#nylinje
1
55.3
87.6
9
A
2
3
0
0 1 0
147768-19_(Inndeling)
#nylinje
5
98.9
29.5
9
A
3
1
0
0 0 0
147814-1
#nylinje
2
39.4
139.5
9
A
2
5
0
0 0 0
147814-3
#andre ting
0
1
2
0
