#kundeinfo
06 10 2009
002
145845,146112
39
#nylinje
6
88.9
99.5
9
I
2
2
0
0 0 0
145845-1
#nylinje
1
128.9
39.5
9
I
3
1
0
0 0 0
145845-3
#nylinje
2
139.4
49.5
9
I
3
1
0
0 0 0
145845-5
#nylinje
2
53.4
138.3
9
A
2
4
0
0 0 0
145862-1,3
#nylinje
2
39.4
127.05
9
A
1
3
0
0 1 0
146112-1,3_(Skrå,Inndeling)
#nylinje
2
78.9
119.5
9
A
2
3
0
0 0 0
146112-5
#nylinje
5
58.9
89.5
9
A
2
2
0
0 0 0
146112-9,11,11,11,11
#nylinje
1
18.8
59.5
9
A
1
2
0
0 0 0
146112-12
#nylinje
1
58.9
19.5
9
A
2
1
0
0 0 0
146112-14
#nylinje
2
18.8
89.5
9
A
1
3
0
0 0 0
146112-16
#nylinje
2
98.9
39.5
9
A
2
1
0
0 0 0
146112-18
#nylinje
4
78.9
89.5
9
A
2
2
0
0 0 0
146112-20,20,20,22
#nylinje
5
89.4
129.5
9
A
2
3
0
0 1 0
146112-23_(Inndeling)
#nylinje
1
55.3
122.4
9
A
2
3
0
0 1 0
146112-25_(Inndeling)
#nylinje
1
55.3
87.4
9
A
2
2
0
0 0 0
146112-27
#andre ting
0
1
2
0
