#kundeinfo
15 10 2009
036
693,920,892,961
43
#nylinje
2
98.4
108.8
3
B
4
3
0
0 0 0
693-1
#nylinje
1
89.6
99
3
B
4
3
0
0 0 0
693-2
#nylinje
1
39.6
59
3
A
2
3
0
0 0 0
693-3
#nylinje
1
67.6
99
3
A
3
3
0
0 0 0
693-5
#nylinje
4
99.6
39
3
A
3
2
0
0 0 0
920-1
#nylinje
4
39.6
79
3
A
2
3
0
0 0 0
920-2,3
#nylinje
1
39.6
99
3
D
2
2
0
0 0 0
892-4
#nylinje
3
99.5
91
3
D
2
2
0
0 0 0
892-5
#nylinje
1
122
101.5
3
D
2
2
0
0 0 0
892-6
#nylinje
1
64
99
3
I
2
2
0
0 0 0
892-7
#nylinje
1
64
100
3
I
1
2
0
0 0 0
892-8
#nylinje
1
57.6
144.4
3
I
1
3
0
0 0 0
892-9
#nylinje
2
108.5
148.5
3
G
2
4
0
0 0 0
961-1
#andre ting
0
1
0
1
