#kundeinfo
17 02 2011
002
165630,165589,165716
08
#nylinje
1
59.7
80.1
9
A
2
2
0
0 0 0
165630-1
#nylinje
4
109.4
139.5
9
B
4
4
0
0 0 0
165589-1
#nylinje
2
49.4
189.5
9
A
2
4
0
0 0 0
165589-3
#nylinje
11
98.9
99.5
9
B
4
3
0
0 0 0
165589-5
#nylinje
3
49.4
109.5
9
A
2
3
0
0 0 0
165589-15
#nylinje
1
38.9
59.5
9
A
2
2
0
0 0 0
165589-9
#nylinje
4
41.2
41.2
6
J
1
1
0
0 0 0
165589-11_(plugges_som_tegning)
#nylinje
2
53.4
182.3
9
A
2
4
0
0 1 0
165589-22,24_(Inndeling)
#nylinje
1
49.4
109.5
9
A
2
3
0
0 0 0
165589-25
#nylinje
1
78.9
99.5
9
A
4
3
0
0 0 0
165589-26
#nylinje
6
40.95
97.5
9
I
1
2
0
0 0 0
165716-1,3
#nylinje
2
89.4
89.8
3
A
2
2
0
0 0 0
165860
#andre ting
0
1
2
0
