#kundeinfo
29 03 2011
002
166836,166940,166941,167002
14
#nylinje
1
89.4
169.5
9
A
1
2
0
0 1 0
166836-1_(Inndeling,_Tegning)
#nylinje
4
39.4
169.5
9
A
1
3
0
0 0 0
166836-3
#nylinje
1
49.4
169.5
9
A
1
3
0
0 0 0
166836-6
#nylinje
1
65.3
162.6
9
A
1
2
0
0 1 0
166836-8_(Inndeling,_Tegning)
#nylinje
4
98.9
99.5
9
A
2
2
0
0 0 0
166836-10
#nylinje
2
78.9
99.5
9
A
2
2
0
0 0 0
166836-12
#nylinje
1
98.9
39.5
9
A
2
1
0
0 0 0
166836-14
#nylinje
1
39.4
199.5
9
A
1
3
0
0 0 0
166836-16
#nylinje
1
65.3
97.6
9
A
2
3
0
0 0 0
166940-1
#nylinje
2
38.9
59.5
9
A
2
2
0
0 0 0
166940-3,5
#nylinje
2
29.4
139.5
9
A
1
4
0
0 0 0
166940-6
#nylinje
1
55.3
97.6
9
A
2
3
0
0 0 0
166940-8
#nylinje
1
79.4
79.5
9
A
2
2
0
0 0 0
166941-1
#nylinje
2
48.9
79.5
9
A
2
3
0
0 0 0
167002-1
#andre ting
0
1
2
0
