#kundeinfo
29 06 2009
002
143234,143239
27
#nylinje
3
58.4
58.3
9
A
2
2
0
0 0 0
143234-1
#nylinje
1
38.4
88.3
9
A
2
2
0
0 0 0
143234-3
#nylinje
5
58.4
88.3
9
A
2
2
0
0 0 0
143234-5,5,5,5,7
#nylinje
1
98.4
88.3
9
A
2
2
0
0 0 0
143234-8
#nylinje
5
58.4
88.3
9
A
2
2
0
0 0 0
143239-1,1,1,3,3
#nylinje
1
18.4
88.3
9
A
1
2
0
0 0 0
143239-4
#nylinje
3
38.4
38.3
9
A
2
2
0
0 0 0
143239-6
#nylinje
1
38.4
88.3
9
A
2
2
0
0 0 0
143239-8
#nylinje
3
78.4
88.3
9
A
2
2
0
0 0 0
143239-10,12,13
#nylinje
2
98.4
38.3
9
A
3
2
0
0 0 0
143239-14
#nylinje
2
88.1
98.4
9
A
2
3
0
0 0 0
143239-16
#nylinje
3
88.1
138.4
9
A
3
3
0
0 0 0
143239-18
#nylinje
1
55
92.3
9
A
2
3
0
0 1 0
143239-20_(Inndeling)
#nylinje
5
78.9
99.2
3
D
2
2
0
0 1 0
143534_(Inndeling)
#nylinje
2
88.9
99.2
3
I
2
2
0
0 0 0
144040
#nylinje
3
78.9
58.6
3
I
2
2
0
0 0 0
Maxbo_(Direkte)
#nylinje
2
108.6
138.7
3
I
2
3
0
0 0 0
143562_(Hengsler)
#andre ting
0
1
2
0
