#kundeinfo
16 06 2009
002
141585,141994,142059
25
#nylinje
11
28.4
28.3
9
A
2
2
0
0 0 0
141585-1,1,1,1,1,1,2,2,2,2,2
#nylinje
2
65
127.3
9
G
2
3
0
0 1 0
141585-23_(Inndeling)
#nylinje
1
65
107.3
9
H
2
2
0
0 0 0
141924-1
#nylinje
3
58.4
58.3
9
A
2
2
0
0 0 0
141994-1,3,4
#nylinje
6
58.4
88.3
9
A
2
2
0
0 0 0
141994-6,6,6,6,8,8
#nylinje
1
88.4
88.3
9
A
2
2
0
0 0 0
141994-9
#nylinje
2
55
87.3
9
A
2
2
0
0 0 0
141994-11,13
#nylinje
2
63.1
171.9
9
A
1
3
0
0 1 0
142046-1,3 (Inndeling)
#nylinje
1
188.1
134.4
9
G2
3
2
0
0 0 0
142046-4
#nylinje
2
88.4
108.9
9
I
2
1
0
0 0 0
142059-1
#nylinje
2
88.4
78.9
9
I
2
1
0
0 0 0
142059-3
#nylinje
4
68.4
68.9
9
I
2
1
0
0 0 0
142059-5
#nylinje
4
88.4
88.9
9
I
2
1
0
0 0 0
142059-7
#nylinje
4
188.1
118.4
9
I
2
2
0
0 1 0
142059-9,11_(Se_Tegning)
#nylinje
2
88.9
99.2
3
I
2
2
0
0 0 0
135482
#nylinje
2
108.9
99.2
3
I
2
2
0
0 0 0
135482
#nylinje
2
99.2
139.5
6
D
2
2
0
0 0 0
141989_(Hengsler)
#nylinje
2
91.1
99.5
6
D
2
2
0
0 0 0
141989_(Hengsler)
#nylinje
1
63.3
96.2
6
D
2
2
0
0 0 0
141989_(Hengsler)
#nylinje
2
78.9
99.2
3
A
3
3
0
0 0 0
143451
#andre ting
0
1
2
0
