#kundeinfo
29 06 2009
002
142452,142485,142986
27
#nylinje
3
48.4
68.3
9
D
2
2
0
0 1 0
142452-1_(Inndeling)
#nylinje
2
78.4
38.3
9
I
2
1
0
0 0 0
142452-3
#nylinje
2
38.4
88.3
9
A
2
3
0
0 0 0
142485-1
#nylinje
1
58.4
58.3
9
A
2
2
0
0 0 0
142485-3
#nylinje
1
38.4
38.3
9
A
2
2
0
0 0 0
142485-5
#nylinje
2
98.4
38.3
9
A
3
2
0
0 0 0
142485-7
#nylinje
1
58.4
58.3
9
A
2
2
0
0 0 0
142485-12
#nylinje
2
63.1
107.7
3
A
2
3
0
0 0 0
142827-1,3
#nylinje
5
58.4
88.3
9
A
2
2
0
0 0 0
142896-1,1,3,3,3
#nylinje
1
18.4
88.3
9
A
1
2
0
0 0 0
142896-4
#nylinje
3
58.4
58.3
9
A
2
2
0
0 0 0
142896-6
#nylinje
4
68.4
88.3
9
A
2
2
0
0 0 0
142896-8,10
#nylinje
2
98.4
38.3
9
A
3
1
0
0 0 0
142896-11
#nylinje
2
78.1
138.4
9
A
2
3
0
0 0 0
142896-13
#nylinje
1
55
132.3
9
A
2
3
0
0 1 0
142896-15_(Inndeling)
#nylinje
3
108.1
138.4
9
A
3
3
0
0 0 0
142896-23
#andre ting
0
1
2
0
