#kundeinfo
18 06 2009
002
142362,141390,142390
26
#nylinje
12
91.4
85.9
9
B
4
3
0
0 0 0
142362-1_(80mm)
#nylinje
2
38.4
38.9
9
A
2
2
0
0 0 0
142362-5
#nylinje
2
48.4
85.9
9
A
2
3
0
0 0 0
142362-7
#nylinje
1
65
109.1
9
A
3
4
0
0 0 0
142362-9
#nylinje
2
58.1
113.1
9
A
3
4
0
0 0 0
142362-11,13
#nylinje
3
98.1
138.4
9
I
2
2
0
0 0 0
141390-1
#nylinje
2
88.4
98.9
9
I
2
2
0
0 0 0
141390-3
#nylinje
1
38.4
98.9
9
I
1
2
0
0 0 0
141390-5
#nylinje
2
75
97.3
9
I
2
2
0
0 0 0
141390-7,9
#nylinje
1
118.1
48.4
9
A
5
2
0
0 0 0
142079-1
#nylinje
2
41.5
68.3
9
A
1
3
0
0 0 0
142079-3,5
#nylinje
4
31.5
36.3
9
A
2
2
0
0 0 0
142170-22,24
#nylinje
4
58.1
34.7
9
A
3
2
0
0 1 0
142170-4,6,25,26_(Inndeling)
#nylinje
1
88.4
118.9
9
A
3
4
0
0 0 0
142390-1
#nylinje
1
88.4
38.9
9
A
3
2
0
0 0 0
142390-3
#nylinje
3
38.4
88.9
9
A
2
3
0
0 0 0
142390-5,7,7
#nylinje
2
98.1
128.4
9
A
3
4
0
0 0 0
142390-14
#andre ting
0
1
2
0
