#kundeinfo
29 06 2009
002
143612,143322
27
#nylinje
8
26.5
88.3
9
A
1
3
0
0 0 0
143612-1,3
#nylinje
2
28.4
28.3
9
A
2
2
0
0 0 0
143612-4
#nylinje
1
38.4
78.3
9
A
2
3
0
0 0 0
143612-6
#nylinje
1
65
87.3
9
A
2
3
0
0 0 0
143612-8
#nylinje
2
68.4
38.3
9
I
2
1
0
0 0 0
143322-1
#nylinje
5
38.4
88.3
9
I
1
2
0
0 0 0
143322-3
#nylinje
4
68.4
88.3
9
I
2
2
0
0 0 0
143322-5,7
#nylinje
1
98.4
88.3
9
I2
3
2
0
0 0 0
143322-8
#nylinje
3
108.1
168.4
9
I
2
3
0
0 0 0
143322-10
#nylinje
2
55
87.3
9
I
2
2
0
0 0 0
143322-12,14
#nylinje
2
46.5
67
1
A
2
2
0
0 0 0
143963
#andre ting
0
1
0
1
