#kundeinfo
23 06 2009
036
24-4,24-5,25-1
26
#nylinje
10
79.6
119
3
D
2
2
0
0 0 0
24-4/10
#nylinje
1
39.6
119
3
D
1
2
0
0 0 0
24-4/11
#nylinje
1
79.6
89
3
D
2
2
0
0 0 0
24-4/12
#nylinje
2
88.4
129.2
3
D
2
2
0
0 0 0
24-4/14
#nylinje
1
28.4
159.2
3
D
1
2
0
0 0 0
24-4/15
#nylinje
2
77.6
119
3
D
2
2
0
0 0 0
24-4/16
#nylinje
1
77.6
99
3
D
2
2
0
0 0 0
24-4/17
#nylinje
1
148.4
129.2
3
I
3
2
0
0 0 0
24-4/46_(se_tegning)
#nylinje
1
77.6
134.4
3
A
2
3
0
0 0 0
24-5/8
#nylinje
2
69.6
99
3
G
2
3
0
1 0 0
24-5/14
#nylinje
1
77.6
99
3
D
2
2
0
0 0 0
25-1/35
#nylinje
1
89.6
99
3
D
2
2
0
0 0 0
25-1/34
#nylinje
3
98.4
139.2
3
D
2
2
0
0 0 0
25-1/33
#andre ting
0
1
0
1
