#kundeinfo
18 06 2009
002
140788,142235,142346
26
#nylinje
3
38.4
78.3
9
A
2
3
0
0 0 0
140788-3,8,8
#nylinje
1
38.4
38.3
9
A
2
2
0
0 0 0
140788-4
#nylinje
1
18.4
78.3
9
A
1
3
0
0 0 0
140788-6
#nylinje
6
36.5
78.3
9
A
2
3
0
0 0 0
140788-10,12
#nylinje
2
55
77.3
9
A
2
3
0
0 0 0
140788-13,15
#nylinje
1
38.4
78.3
9
A
2
3
0
0 0 0
140788-1
#nylinje
1
55
102.3
9
A
2
3
0
0 1 0
142235-1_(Inndeling)
#nylinje
2
104.1
108.4
9
A
3
3
0
0 0 0
142235-3
#nylinje
4
58.4
78.3
9
G
2
3
0
0 0 0
142269-1
#nylinje
1
65
97.3
9
G
2
3
0
0 0 0
142346-3
#nylinje
1
88.4
38.3
9
A
3
2
0
0 0 0
142346-5
#nylinje
2
38.4
88.3
9
A
2
3
0
0 0 0
142346-29
#nylinje
2
38.4
38.3
9
A
2
2
0
0 0 0
142346-11
#nylinje
2
48.4
78.3
9
G
2
3
0
0 0 0
142346-15
#andre ting
0
1
0
1
