#kundeinfo
19 05 2009
002
140950,141294
22
#nylinje
5
58.4
88.3
9
A
3
3
0
0 0 0
140864-2
#nylinje
2
68.1
181.9
9
A
2
6
0
0 0 0
140949-1,3
#nylinje
4
58.4
78.3
9
A
2
2
0
0 0 0
140950-1
#nylinje
7
68.4
98.3
9
A
2
2
0
0 0 0
140950-2
#nylinje
1
28.4
98.3
9
A
1
2
0
0 0 0
140950-3
#nylinje
4
78.1
148.4
9
A
2
3
0
0 0 0
140950-4
#nylinje
1
65
87.3
9
A
2
2
0
0 0 0
140950-5
#nylinje
2
53.3
142.3
9
A
2
3
0
0 0 0
140950-6,7
#nylinje
1
28.9
75.8
9
A
1
3
0
0 0 0
141071-1
#nylinje
1
55
97.3
9
I
2
2
0
0 0 0
141271-2
#nylinje
5
38.4
38.3
9
A
2
2
0
0 0 0
141294-1
#nylinje
5
58.4
78.3
9
A
2
3
0
0 0 0
141294-3,3,3,14,14
#nylinje
2
78.4
98.3
9
A
3
3
0
0 0 0
141294-5
#nylinje
1
65
132.3
9
A
2
3
0
0 1 0
141294-9_(Inndeling)
#nylinje
4
108.1
138.4
9
A
3
3
0
0 0 0
141294-11
#nylinje
4
26.5
68.3
9
A
2
2
0
0 0 0
141295-1,3
#andre ting
0
1
2
0
