#kundeinfo
25 05 2009
002
138221,141057,141463
23
#nylinje
3
58.4
58.3
9
I
2
2
0
0 0 0
138221-1,3,3
#nylinje
2
58.4
88.3
9
I
2
2
0
0 0 0
138221-4
#nylinje
2
68.4
88.3
9
I
2
2
0
0 0 0
138221-6
#nylinje
2
98.4
38.3
9
I
2
2
0
0 0 0
138221-8
#nylinje
2
108.1
138.4
9
I
2
3
0
0 0 0
138221-10
#nylinje
1
55
132.3
9
I
2
3
0
0 1 0
138221-12_(Inndeling)
#nylinje
2
38.4
68.3
9
I
2
2
0
0 0 0
141057-1,3
#nylinje
4
38.4
88.3
9
I
2
2
0
0 0 0
141057-4,6
#nylinje
1
18.4
88.3
9
I
1
2
0
0 0 0
141057-7
#nylinje
6
78.4
88.3
9
I
2
2
0
0 0 0
141057-9,11
#nylinje
5
88.1
138.4
9
I
2
3
0
0 0 0
141057-12
#nylinje
1
55
132.3
9
I
2
3
0
0 1 0
141057-14_(Inndeling)
#nylinje
1
88.1
48.4
9
I
2
1
0
0 0 0
141463-21
#andre ting
0
1
2
0
