#kundeinfo
25 05 2009
036
20-5
23
#nylinje
8
37.6
101
3
A
2
4
0
0 0 0
20-5/13
#nylinje
4
40.6
128
3
A
2
5
0
0 0 0
20-5/14
#nylinje
4
48.7
70.2
3
A
2
3
0
0 0 0
20-5/15
#nylinje
4
40.8
40.2
3
A
2
2
0
0 0 0
20-5/16
#nylinje
1
121.6
22.7
3
A
4
1
0
0 0 0
20-5/17
#nylinje
2
49.2
109
3
A
2
3
0
0 0 0
20-5/17
#nylinje
4
29.6
69
3
A
2
3
0
0 0 0
20-5/27
#nylinje
3
39.6
89
3
A
2
3
0
0 0 0
20-5/30
#nylinje
1
29.6
89
3
A
2
3
0
0 0 0
20-5/31
#nylinje
1
168.4
119.2
3
A
3
3
0
0 0 0
20-5/34
#nylinje
2
33.1
89
3
A
1
3
0
0 0 0
20-5/35
#nylinje
2
69.6
89
3
A
3
3
0
0 0 0
L-20-5/3
#andre ting
0
1
0
1
