#kundeinfo
16 06 2006
002
159075,159019,158843,158791
25
#nylinje
2
38.4
88.3
9
A
2
2
0
0 0 0
159075-1,2
#nylinje
2
58.4
88.3
9
A
2
2
0
0 0 0
159075-3,4
#nylinje
1
18.4
88.3
9
A
1
2
0
0 0 0
159075-7
#nylinje
2
38.4
88.3
9
A
2
2
0
0 0 0
159075-8,9
#nylinje
3
78.4
88.3
9
A
2
2
0
0 0 0
159075-10,11,12
#nylinje
2
98.4
38.3
9
A
2
2
0
0 0 0
159075-13
#nylinje
2
88.4
78.3
9
A
2
2
0
0 0 0
159075-14_(Lukke)
#nylinje
1
55
77
9
A
2
2
0
0 1 0
159075-15_(Dør)
#nylinje
3
88.1
128.4
9
A
2
3
0
0 0 0
159075-16
#nylinje
2
73.2
142.1
9
A
2
4
0
0 0 0
159019-1
#nylinje
1
128.1
148.4
9
A
3
4
0
0 0 0
159019-2
#nylinje
1
28.4
48.3
9
A
2
2
0
0 0 0
158843-1
#nylinje
6
31.5
68.3
9
A
1
3
0
0 0 0
158843-2
#nylinje
4
108.1
168.4
9
D
2
2
0
0 0 0
158791-1
#nylinje
3
98.4
98.9
9
D
2
2
0
0 0 0
158791-3
#nylinje
1
75
97
9
A
2
3
0
0 0 0
157108-1
#nylinje
1
48.1
108.4
9
I
1
2
0
0 1 0
159134-1_(45_fra_topp_til_senter)
#andre ting
0
1
2
0
