#kundeinfo
11 06 2006
002
158633,158618
24
#nylinje
2
68.2
153.6
9
A
2
2
0
0 0 0
158633-1_(Spesialinndeling)
#nylinje
4
68.4
88.3
9
G
2
2
0
0 0 0
158618-1,2
#nylinje
3
38.4
38.3
9
G
2
2
0
0 0 0
158618-3
#nylinje
1
68.4
18.3
9
G
2
1
0
0 0 0
158618-4
#nylinje
1
38.4
88.3
9
G
2
2
0
0 0 0
158618-5
#nylinje
4
68.4
88.3
9
G
2
2
0
0 0 0
158618-6
#nylinje
2
48.1
168.4
9
G
2
3
0
0 0 0
158618-7
#nylinje
9
108.1
168.4
9
G
2
3
0
0 0 0
158618-8_(Fast)
#nylinje
1
65
162.1
9
G
2
3
0
0 1 0
158618-9_(Dør)
#andre ting
0
1
2
0
