#kundeinfo
16 06 2006
002
159077,159052
25
#nylinje
1
18.4
88.3
9
A
1
2
0
0 0 0
159077-3
#nylinje
4
38.4
88.3
9
A
2
2
0
0 0 0
159077-4,5
#nylinje
2
58.4
88.3
9
A
2
2
0
0 0 0
159077-6,7
#nylinje
1
68.4
88.3
9
A
2
2
0
0 0 0
159077-8
#nylinje
4
78.4
88.3
9
A
2
2
0
0 0 0
159077-9,10
#nylinje
3
88.1
128.4
9
A
2
3
0
0 0 0
159077-11
#nylinje
1
55
122.1
9
A
2
3
0
0 0 0
159077-12
#nylinje
1
38.4
88.3
9
A
2
2
0
0 0 0
159077-13
#nylinje
4
58.4
78.3
9
A
2
2
0
0 0 0
159052-1,2
#nylinje
1
38.4
38.3
9
A
2
2
0
0 0 0
159052-3
#nylinje
3
38.4
88.3
9
A
2
2
0
0 0 0
159052-4,5,6
#nylinje
3
68.4
88.3
9
A
2
2
0
0 0 0
159052-7
#nylinje
3
78.4
88.3
9
A
2
2
0
0 0 0
159052-8,9,10
#nylinje
6
88.1
138.4
9
A
2
3
0
0 0 0
159052-11_(Fast)
#nylinje
1
65
132.1
9
A
2
3
0
0 1 0
159052-12_(Dør)
#andre ting
0
1
2
0
