#kundeinfo
15 06 2006
002
158924,159156
25
#nylinje
2
58.4
58.3
9
A
3
2
0
0 0 0
158924-1,2
#nylinje
3
38.4
88.3
9
A
2
3
0
0 0 0
158924-3
#nylinje
1
58.4
88.3
9
A
2
3
0
0 0 0
158924-4
#nylinje
4
41.5
88.3
9
A
2
3
0
0 0 0
158924-5
#nylinje
4
41.5
128.3
9
A
1
3
0
0 0 0
158924-6
#nylinje
2
55
87
9
A
2
3
0
0 0 0
158924-7,8
#nylinje
4
108.1
140.1
9
A
1
3
0
0 0 0
158924-10,11,12,13
#nylinje
1
68.4
88.3
9
A
2
3
0
0 0 0
158924-14
#nylinje
2
58.4
58.3
9
A
3
2
0
0 0 0
159156-1,2
#nylinje
3
38.4
38.3
9
A
2
2
0
0 0 0
159156-3
#nylinje
3
88.4
38.3
9
A
4
2
0
0 0 0
159156-4
#nylinje
3
68.4
88.3
9
A
3
3
0
0 0 0
159156-5
#nylinje
2
98.4
88.3
9
A
4
3
0
0 0 0
159156-6
#nylinje
2
108.1
138.4
9
A
4
3
0
0 0 0
159156-7_(Fast)
#nylinje
1
55
132.1
9
A
2
3
0
0 1 0
159156-8_(Dør)
#andre ting
0
1
0
1
