#kundeinfo
12 06 2006
002
158723,158495,158388,157901
24
#nylinje
4
58.4
88.3
9
A
2
2
0
0 0 0
158723-1,2
#nylinje
2
38.4
88.3
9
A
2
2
0
0 0 0
158723-4
#nylinje
3
68.4
88.3
9
A
2
2
0
0 0 0
158723-5
#nylinje
2
78.4
88.3
9
A
2
2
0
0 0 0
158723-6
#nylinje
2
88.4
88.3
9
A
2
2
0
0 0 0
158723-7_(Lukke)
#nylinje
1
18.4
128.3
9
A
1
2
0
0 0 0
158723-8
#nylinje
3
78.1
168.4
9
A
2
3
0
0 0 0
158723-9
#nylinje
1
88.1
168.4
9
A
2
3
0
0 0 0
158723-10_(Fast)
#nylinje
2
78.1
102.7
9
A
2
2
0
0 1 0
158723-11,12_(Fast)_Skråsprosser)
#nylinje
1
78.1
53.5
9
A
2
1
0
0 0 0
158723-13_(Skråsprosse)
#nylinje
1
55
87
9
A
2
2
0
0 1 0
158723-14_(Dør)
#nylinje
6
78.4
28.3
9
A
3
2
0
0 0 0
158495-1
#nylinje
4
41.5
88.3
9
A
2
3
0
0 0 0
158388-1
#nylinje
2
41.2
198.4
9
A
2
5
0
0 0 0
157901-2
#nylinje
8
36.5
98.3
9
A
2
3
0
0 0 0
157901-3
#nylinje
4
38.4
98.3
9
A
2
3
0
0 0 0
157901-4,5
#andre ting
0
1
2
0
