#kundeinfo
22 06 2006
002
159614,159135,159108
26
#nylinje
4
58.4
78.3
9
I
2
3
0
0 0 0
159614-1,2
#nylinje
1
38.4
88.3
9
I
2
3
0
0 0 0
159614-3
#nylinje
1
38.4
38.3
9
I
2
2
0
0 0 0
159614-4
#nylinje
4
26.5
88.3
9
I
1
2
0
0 0 0
159614-5
#nylinje
8
31.5
128.3
9
I
1
3
0
0 0 0
159614-6_(Lukke)
#nylinje
6
36.2
138.4
9
I
1
3
0
0 0 0
159614-7
#nylinje
2
48.1
138.4
9
I
1
3
0
0 0 0
159614-8
#nylinje
2
31.5
88.3
9
I
1
2
0
0 0 0
159614-9
#nylinje
1
55
127
9
I
2
3
0
0 1 0
159614-10_(Dør)
#nylinje
2
58.2
138.6
9
A
2
4
0
0 0 0
159135-1
#nylinje
2
53.2
142.1
9
A
2
4
0
0 1 0
159108-1_(Dør)
#nylinje
2
48.1
148.4
9
A
2
4
0
0 0 0
159108-2_(Fast)
#andre ting
0
1
2
0
