#kundeinfo
16 06 2006
002
158833,159081
25
#nylinje
2
58.4
88.3
9
A
2
2
0
0 0 0
158833-1,2
#nylinje
2
38.4
68.3
9
A
2
2
0
0 0 0
158833-3
#nylinje
1
55
87
9
A
2
2
0
0 0 0
158833-4
#nylinje
2
78.4
98.3
9
A
2
2
0
0 0 0
158833-6
#nylinje
3
38.4
88.3
9
A
2
2
0
0 0 0
158833-7
#nylinje
5
68.4
88.3
9
A
2
2
0
0 0 0
158833-8,9,10,11,11_(Lukke)
#nylinje
1
98.4
38.3
9
A
2
1
0
0 0 0
158833-12
#nylinje
2
108.1
128.4
9
A
2
1
0
0 0 0
158833-13
#nylinje
1
55
87
9
A
2
2
0
0 1 0
158833-14_(Dør)
#nylinje
4
58.4
88.3
9
A
2
2
0
0 0 0
159081-1,2
#nylinje
2
38.4
88.3
9
A
2
2
0
0 0 0
159081-5
#nylinje
7
78.4
88.3
9
A
2
2
0
0 0 0
159081-6,7,7,7,7,7,7_(Lukke)
#nylinje
2
108.1
138.4
9
A
2
3
0
0 0 0
159081-8
#nylinje
1
55
87
9
A
2
2
0
0 1 0
159081-9_(Dør)
#andre ting
0
1
2
0
