#kundeinfo
16 06 2006
002
159144,158630
26
#nylinje
1
138.1
88.4
9
A
4
3
0
0 0 0
159144-1
#nylinje
1
78.4
78.9
9
A
3
3
0
0 0 0
159144-2
#nylinje
4
38.4
88.3
9
A
2
3
0
0 0 0
158630-1,2
#nylinje
1
58.4
38.3
9
A
2
1
0
0 0 0
158630-3
#nylinje
3
38.4
88.3
9
A
2
3
0
0 0 0
158630-4
#nylinje
3
98.4
38.3
9
A
2
1
0
0 0 0
158630-5,5,6
#nylinje
5
68.4
88.3
9
A
2
3
0
0 0 0
158630-7,7,7,8,8
#nylinje
2
98.4
88.3
9
A
4
3
0
0 0 0
158630-9_(Lukke)
#nylinje
1
55
87
9
A
2
3
0
0 1 0
158630-10_(Dør)
#andre ting
0
1
0
1
