#kundeinfo
16 06 2006
002
158872,158850
25
#nylinje
4
58.4
88.3
9
A
2
2
0
0 0 0
158872-1,2
#nylinje
1
18.4
88.3
9
A
1
2
0
0 0 0
158872-4
#nylinje
2
38.4
88.3
9
A
2
2
0
0 0 0
158872-5
#nylinje
3
78.4
88.3
9
A
2
2
0
0 0 0
158872-6,7,8
#nylinje
2
98.4
38.3
9
A
2
1
0
0 0 0
158872-9
#nylinje
3
88.1
128.4
9
A
2
3
0
0 0 0
158872-10
#nylinje
2
88.4
78.3
9
A
2
2
0
0 0 0
158872-11
#nylinje
1
55
77
9
A
2
2
0
0 0 0
158872-12
#nylinje
2
58.4
88.3
9
A
3
3
0
0 0 0
158850-1,2
#nylinje
4
38.4
88.3
9
A
2
3
0
0 0 0
158850-3,4
#nylinje
3
38.4
38.3
9
A
2
2
0
0 0 0
158850-5
#nylinje
1
18.4
88.3
9
A
1
3
0
0 0 0
158850-6
#nylinje
5
78.4
88.3
9
A
3
3
0
0 0 0
158850-7,7,8,8,9
#nylinje
2
98.4
38.3
9
A
4
2
0
0 0 0
158850-10
#nylinje
2
88.1
128.4
9
A
3
4
0
0 0 0
158850-11
#nylinje
1
55
87
9
A
2
3
0
0 0 0
158850-12
#andre ting
0
1
2
0
