#kundeinfo
19 09 2007
002
117365,117678
39
#nylinje
1
65
132.2
9
I
1
3
0
0 0 0
117288-1
#nylinje
2
38.4
88.3
9
I
2
2
0
0 0 0
117365-1,3
#nylinje
2
58.4
88.3
9
I
2
2
0
0 0 0
117365-4,6
#nylinje
1
18.4
78.3
9
I
1
2
0
0 0 0
117365-7
#nylinje
8
78.4
88.3
9
I
2
2
0
0 0 0
117365-9,9,9,9,9,9,9,11
#nylinje
1
38.4
88.3
9
I
2
2
0
0 0 0
117365-16
#nylinje
3
88.1
128.4
9
I
2
3
0
0 0 0
117365-12
#nylinje
1
55
87.2
9
I
2
2
0
0 0 0
117365-14
#nylinje
2
48.1
68.4
9
A
2
2
0
0 0 0
117448-1
#nylinje
6
98.4
108.9
9
A
2
3
0
0 0 0
117468-1
#nylinje
2
68.3
142.2
9
A
2
2
0
0 1 0
117646-1,3_(Inndeling)
#nylinje
2
98.4
98.9
9
A
2
2
0
0 1 0
117646-4_(Inndeling)
#nylinje
1
18.4
88.3
9
A
1
3
0
0 0 0
117678-1
#nylinje
2
38.4
88.3
9
A
2
3
0
0 0 0
117678-3
#nylinje
5
58.4
88.3
9
A
2
3
0
0 0 0
117678-5,5,5,7,7
#nylinje
2
68.4
88.3
9
A
2
3
0
0 0 0
117678-8,10
#nylinje
2
78.1
128.4
9
A
2
4
0
0 0 0
117678-11
#nylinje
6
88.1
128.4
9
A
2
4
0
0 0 0
117678-13_(Fast)
#nylinje
1
65
122.2
9
A
2
4
0
0 1 0
117678-15_(Dør)
#nylinje
1
55
87.2
9
A
2
3
0
0 0 0
117678-17
#andre ting
0
1
2
0
