#kundeinfo
28 09 2007
002
118168,118409,118413,118541
41
#nylinje
1
78.4
88.9
9
I
2
2
0
0 1 0
118168-1_(Inndeling)
#nylinje
2
58.4
88.3
9
A
2
2
0
0 0 0
118409-1
#nylinje
2
58.4
88.3
9
A
2
2
0
0 0 0
118409-3
#nylinje
2
38.4
88.3
9
A
2
2
0
0 0 0
118409-4
#nylinje
6
78.4
88.3
9
A
2
2
0
0 0 0
118409-6,6,6,6,6,8
#nylinje
2
98.4
38.3
9
A
2
1
0
0 0 0
118409-9
#nylinje
2
88.1
128.4
9
A
2
3
0
0 0 0
118409-11_(Fast)
#nylinje
1
55
122.2
9
A
2
3
0
0 1 0
118409-13_(Dør)
#nylinje
2
58.4
58.3
9
A
3
2
0
0 0 0
118413-1,3
#nylinje
3
38.4
38.3
9
A
2
2
0
0 0 0
118413-4
#nylinje
3
68.4
88.3
9
A
3
3
0
0 0 0
118413-6
#nylinje
1
88.4
88.3
9
A
3
3
0
0 0 0
118413-8
#nylinje
2
88.4
38.3
9
A
4
2
0
0 0 0
118413-10
#nylinje
2
98.4
88.3
9
B
4
3
0
0 0 0
118413-12
#nylinje
2
108.1
138.4
9
A
4
4
0
0 0 0
118413-18_(Fast)
#nylinje
1
55
132.2
9
A
2
4
0
0 1 0
118413-16_(Dør)
#nylinje
1
58.4
58.3
9
A
3
3
0
0 0 0
118541-1
#nylinje
5
38.4
88.3
9
A
2
3
0
0 0 0
118541-3
#nylinje
4
98.4
88.3
9
A
4
3
0
0 0 0
118541-5
#nylinje
1
55
87.2
9
A
2
3
0
0 0 0
118541-7
#andre ting
0
1
0
1
