#kundeinfo
24 09 2007
002
118103,118461,118052
40
#nylinje
1
38.4
98.3
9
I
1
3
0
0 0 0
117926-1
#nylinje
2
38.4
38.3
9
I
2
2
0
0 0 0
118103-1
#nylinje
1
38.4
88.3
9
I
2
2
0
0 0 0
118103-3
#nylinje
5
58.4
88.3
9
I
2
2
0
0 0 0
118103-5
#nylinje
4
78.4
88.3
9
I
2
2
0
0 0 0
118103-7,7,9,10
#nylinje
1
58.4
88.3
9
A
2
3
0
0 0 0
118461-1
#nylinje
11
68.4
88.3
9
A
2
3
0
0 0 0
118461-3,17,6,7,8
#nylinje
2
98.4
88.3
9
A
2
3
0
0 0 0
118461-9
#nylinje
3
108.1
138.4
9
A
2
3
0
0 0 0
118461-11
#nylinje
1
55
87.2
9
A
2
3
0
0 0 0
118461-13
#nylinje
1
65
87.2
9
A
2
3
0
0 0 0
118461-15
#nylinje
1
78.4
58.3
9
A
3
2
0
0 0 0
118510-14
#nylinje
2
88.4
118.7
9
D
1
2
0
0 1 0
118052-10 (Inndeling)
#nylinje
5
88.1
168.2
9
D
1
2
0
0 1 0
118052-70_(Inndeling)
#nylinje
2
78.1
118.7
9
D
1
2
0
0 1 0
118052-180_(Inndeling)
#nylinje
1
168
168.2
9
D
2
2
0
0 1 0
118052-240_(Inndeling)
#nylinje
1
118.4
38.7
9
I
2
1
0
0 1 0
118052-350_(Inndeling)
#nylinje
2
128.1
168.2
9
D
2
2
0
0 1 0
118052-460_(Inndeling)
#andre ting
0
1
2
0
