#kundeinfo
19 09 2007
002
117705,117887
39
#nylinje
3
58.4
88.3
9
A
2
2
0
0 0 0
117705-1,5,7
#nylinje
1
55
87.2
9
A
2
2
0
0 0 0
117705-3
#nylinje
6
78.4
88.3
9
A
2
2
0
0 0 0
117705-8,8,10,11,12,12
#nylinje
1
88.4
38.3
9
A
2
2
0
0 0 0
117705-13
#nylinje
2
98.4
38.3
9
A
2
2
0
0 0 0
117705-15
#nylinje
2
108.1
138.4
9
A
2
3
0
0 0 0
117705-17
#nylinje
2
55
87.2
9
A
2
2
0
0 0 0
117705-19,28
#nylinje
2
38.4
88.3
9
I
2
2
0
0 0 0
117887-1,3
#nylinje
2
58.4
88.3
9
I
2
2
0
0 0 0
117887-4,6
#nylinje
1
18.4
78.3
9
I
1
2
0
0 0 0
117887-7
#nylinje
1
38.4
88.3
9
I
2
2
0
0 0 0
117887-9
#nylinje
5
78.4
88.3
9
I
2
2
0
0 0 0
117887-10
#nylinje
2
98.4
38.3
9
I
2
1
0
0 0 0
117887-12
#nylinje
3
88.1
128.4
9
I
2
3
0
0 0 0
117887-14
#nylinje
1
55
87.2
9
I
2
2
0
0 0 0
117887-16
#andre ting
0
1
2
0
