#kundeinfo
14 09 2007
002
117014,117127,117195,117706
38
#nylinje
2
58.4
58.3
9
A
3
2
0
0 0 0
117014-1,3
#nylinje
4
38.4
88.3
9
A
2
3
0
0 0 0
117014-4,4,4,6
#nylinje
1
58.4
88.3
9
A
2
3
0
0 0 0
117014-7
#nylinje
4
41.5
88.3
9
A
2
3
0
0 0 0
117014-9,11
#nylinje
6
84.1
134.05
9
A
1
3
0
0 0 0
117014-12,14,15,16,17,18
#nylinje
2
55
87.2
9
A
2
3
0
0 0 0
117014-19,21
#nylinje
4
97.6
116.4
9
A
4
4
0
0 0 0
117127-1
#nylinje
2
62.4
76.8
9
A
4
3
0
0 0 0
117127-6
#nylinje
7
38.4
88.3
9
A
2
3
0
0 0 0
117195-1,1,1,1,1,3,3
#nylinje
3
98.4
38.3
9
A
4
2
0
0 0 0
117195-4,4,6
#nylinje
6
98.4
88.3
9
A
4
3
0
0 0 0
117195-7,9,9,9,9,9
#nylinje
1
55
87.2
9
A
2
3
0
0 0 0
117195-10
#nylinje
2
98.1
148.4
9
A
2
4
0
0 0 0
117706-1
#andre ting
0
1
0
1
