#kundeinfo
28 09 2007
002
117287,118190,118483
41
#nylinje
12
37.2
99.3
9
A
2
4
0
0 0 0
117287-1,3,4
#nylinje
8
38
99.3
9
A
2
4
0
0 0 0
117287-5,7
#nylinje
2
40
99.3
9
A
2
4
0
0 0 0
117287-8,10
#nylinje
3
37.2
99.3
9
A
2
4
0
0 0 0
117287-11,13,15_(Lukke)
#nylinje
1
75
98.2
9
A
4
4
0
0 1 0
117287-16_(Dør)
#nylinje
1
38.4
38.3
9
A
2
2
0
0 0 0
118190-1
#nylinje
2
108.4
128.9
9
A
2
2
0
0 0 0
118483-1
#nylinje
1
98.4
98.9
9
A
2
2
0
0 0 0
118483-3
#nylinje
1
98.4
38.9
9
A
2
1
0
0 0 0
118483-5
#nylinje
4
118.1
168.4
9
A
2
3
0
0 0 0
118483-7
#nylinje
2
78.3
179.6
9
A
2
3
0
0 0 0
118483-9,11
#nylinje
2
53.3
97.2
9
A
1
2
0
0 0 0
118483-12,14
#nylinje
7
98.4
98.9
9
A
2
2
0
0 0 0
118483-15
#nylinje
4
78.3
169.6
9
A
2
3
0
0 0 0
118483-18,19
#andre ting
0
1
2
0
