#kundeinfo
20 12 2007
002
118728,121756,122208
01
#nylinje
3
88.4
98.9
9
A
2
2
0
0 0 0
118728-1
#nylinje
2
38.4
98.9
9
A
1
2
0
0 0 0
188728-85,87
#nylinje
2
97.9
90.35
9
A
2
2
0
0 0 0
118728-88
#nylinje
2
58.1
142.2
9
A
2
3
0
0 0 0
118728-92,93
#nylinje
1
75
97.2
9
A
2
2
0
0 0 0
118728-95
#nylinje
1
104.1
58.4
9
G
2
2
0
0 0 0
118728-96_(80MM)
#nylinje
1
68.4
78.9
9
G
2
3
0
0 0 0
118728-98_(80MM)
#nylinje
2
58.4
78.3
9
A
3
3
0
0 0 0
121756-1
#nylinje
2
98.4
98.3
9
A
3
2
0
0 0 0
122208-1
#andre ting
0
1
0
1
