#kundeinfo
27 08 2002
002
_
35
#nylinje
2
36.4
68.6
3
A
2
2
0
0
 17875
#nylinje
1
98.4
18.2
3
A
2
1
0
0
 20315-1
#nylinje
4
98.3
88.6
3
A
2
2
0
0
 20315-3
#nylinje
7
98.3
58.6
3
A
2
2
0
0
 20315-2
#nylinje
1
64.8
96.7
3
G
2
3
0
0
 20367-1
#nylinje
3
58.3
58.6
3
A
2
2
0
0
 20304-3
#nylinje
1
58.3
98.6
3
A
2
3
0
0
 20304-1
#nylinje
1
58.3
88.6
3
A
2
3
0
0
 20304-2
#nylinje
2
58.1
138.3
3
A
2
4
0
0
 20304-4
#nylinje
6
97.9
158
3
H
2
2
0
0
 20366-4
#nylinje
8
78.3
98.6
3
H
2
2
0
0
 20366-1
#nylinje
7
78.3
98.6
3
H
2
2
0
0
 20366-5
#nylinje
4
78.3
58.6
3
H
2
2
0
0
 20366-10
#nylinje
1
74.8
103.3
3
H
2
2
0
0
 20366-12
#nylinje
1
74.8
96.7
3
H
2
2
0
0
 20366-7
#nylinje
1
74.8
96.7
3
H
2
2
0
0
 20366-8
#nylinje
4
58.3
68.6
3
H
2
2
0
0
 20366-2
#nylinje
2
53.1
151.8
3
H
2
2
0
0
 20366-9
#nylinje
2
64.8
96.7
3
A
2
3
0
0
 20366-3
#nylinje
2
38.3
98.6
3
A
2
3
0
0
 20366-6
#nylinje
2
78.3
28.6
3
A
4
1
0
0
 20366-11
#andre ting
1
0
2
0
