#kundeinfo
23 08 2002
002
_
35
#nylinje
6
88.3
118.6
3
I
2
2
0
0
 20180/20181
#nylinje
2
118.3
118.6
3
D
3
2
0
0
 20370-1
#nylinje
2
97.9
98
3
A
2
2
0
0
 20380-1
#nylinje
2
28.3
118.6
3
A
1
3
0
0
 21063-3
#nylinje
2
37.9
148
3
A
1
4
0
0
 21063-12
#nylinje
1
97.9
48
3
A
2
1
0
0
 21063-16
#nylinje
4
47.9
48
3
A
2
2
0
0
 21063-11*
#nylinje
1
37.9
38
3
A
2
2
0
0
 21063-5*
#nylinje
2
128.3
138.6
3
A
3
3
0
0
 21065-2
#nylinje
6
37.9
148
3
A
1
3
0
0
 21065-1
#nylinje
1
28.4
98.2
3
A
1
3
0
0
 21065-5
#nylinje
2
28.4
98.2
3
A
1
3
0
0
 21065-12
#nylinje
1
88.3
38.6
3
A
2
1
0
0
 21065-4
#nylinje
1
37.9
38
3
A
2
2
0
0
 21065-6*
#nylinje
2
88.3
118.6
3
A
2
3
0
0
 21065-7
#nylinje
1
88.3
118.6
3
A
2
3
0
0
 21065-10
#nylinje
1
74.8
96.7
3
A
2
3
0
0
 21065-13
#nylinje
2
68.3
98.6
3
A
2
3
0
0
 21065-9
#nylinje
2
58.1
141.8
3
A
2
3
0
0
 21065-3
#nylinje
6
88.3
118.6
3
A
2
3
0
0
 21063-1
#nylinje
4
88.3
118.6
3
A
2
3
0
0
 21063-10
#nylinje
1
88.3
98.6
3
A
2
3
0
0
 21063-2
#nylinje
1
74.8
96.7
3
A
2
3
0
0
 21063-9
#nylinje
1
74.8
141.8
3
A
2
4
0
0
 21063-7
#nylinje
1
74.8
141.8
3
A
2
4
0
0
 21063-13
#nylinje
2
47.9
148
3
A
2
4
0
0
 21063-6
#andre ting
1
0
0
1
