#kundeinfo
14 08 2002
002
971,982,360
34
#nylinje
1
64.8
96.7
3
I
1
2
0
0
 18971-11
#nylinje
1
38.3
98.6
3
I
1
2
0
0
 18971-10
#nylinje
2
53.1
141.8
3
I
1
3
0
0
 18971-7
#nylinje
5
88.3
98.6
3
I
2
2
0
0
 18971-2
#nylinje
4
88.3
98.6
3
I
2
2
0
0
 18971-4
#nylinje
1
88.3
98.6
3
I
2
2
0
0
 18971-5
#nylinje
1
88.3
98.6
3
I
2
2
0
0
 18971-9
#nylinje
2
97.9
148
3
I
2
3
0
0
 18971-1
#nylinje
2
97.9
148
3
I
2
3
0
0
 18971-3
#nylinje
2
97.9
148
3
I
2
3
0
0
 18971-8
#nylinje
4
78.4
78.2
3
A
2
2
0
0
 18982-3
#nylinje
3
68.4
78.2
3
A
2
2
0
0
 18982-2
#nylinje
2
58.4
78.2
3
A
2
2
0
0
 18982-1
#nylinje
1
48.4
58.2
3
A
2
2
0
0
 18982-10
#nylinje
2
87.9
138
3
A
2
3
0
0
 18982-4
#nylinje
1
64.8
131.8
3
A
2
3
0
0
 18982-5
#nylinje
2
107.9
138
3
B
4
4
0
0
 20360-9
#nylinje
1
58.4
58.2
3
A
2
2
0
0
 20360-3
#nylinje
1
58.4
58.2
3
A
2
2
0
0
 20360-4
#nylinje
2
38.4
38.2
3
A
2
2
0
0
 20360-1
#nylinje
1
38.4
38.2
3
A
2
2
0
0
 20360-2
#nylinje
1
54.8
131.8
3
A
2
4
0
0
 20360-10
#nylinje
1
68.4
88.2
3
A
3
3
0
0
 20360-5
#nylinje
2
68.4
88.2
3
A
3
3
0
0
 20360-6
#nylinje
3
88.4
38.2
3
A
4
2
0
0
 20360-7
#nylinje
2
98.4
88.2
3
B
4
3
0
0
 20360-8
#andre ting
1
0
0
1
