#kundeinfo
27 08 2002
002
_
35
#nylinje
1
54.8
161.8
3
A
1
4
0
0
 21098-14
#nylinje
2
98.4
88.2
3
A
2
2
0
0
 21098-19
#nylinje
2
98.4
38.2
3
A
2
2
0
0
 21098-20
#nylinje
2
68.4
88.2
3
A
2
2
0
0
 21098-3,4
#nylinje
6
68.4
88.2
3
A
2
2
0
0
 21098-9,10
#nylinje
1
58.4
88.2
3
A
2
2
0
0
 21098-8
#nylinje
3
38.4
88.2
3
A
2
2
0
0
 21098-1,2,7
#nylinje
2
38.4
38.2
3
A
2
2
0
0
 21098-6
#nylinje
1
54.8
86.7
3
A
2
3
0
0
 21098-5
#nylinje
2
47.9
168
3
A
2
3
0
0
 21098-12
#nylinje
4
107.9
168
3
A
2
4
0
0
 21098-13
#nylinje
1
64.8
96.7
3
I
2
2
0
0
 20472
#andre ting
1
0
0
1
