#kundeinfo
12 06 2003
002
119420
25
#nylinje
1
74.8
96.7
3
I
2
2
0
0
 119420-12
#nylinje
1
74.8
161.8
3
G
2
3
0
0
 119420-11 (Flukte pos.4)
#nylinje
2
98.2
138.6
3
G
2
3
0
0
 119420-10
#nylinje
1
58.2
58.6
3
I
2
2
0
0
 119420-9
#nylinje
1
68.2
68.6
3
I
2
2
0
0
 119420-8
#nylinje
1
158.2
98.6
3
I
3
2
0
0
 119420-7
#nylinje
2
88.2
98.6
3
I
2
2
0
0
 119420-6
#nylinje
2
88.2
138.6
3
G
2
3
0
0
 119420-5
#nylinje
2
97.9
168.1
3
G
2
3
0
0
 119420-4
#nylinje
2
97.9
158.1
3
G
2
3
0
0
 119420-3
#nylinje
1
88.2
148.6
3
G
2
3
0
0
 119420-2
#nylinje
1
88.2
38
3
G
2
1
0
0
 119420-1
#andre ting
1
0
0
1
