#kundeinfo
22 06 2003
002
119993,119746
26
#nylinje
1
54.8
131.8
3
A
2
3
0
0
 119993-9
#nylinje
2
107.9
138.1
3
A
4
3
0
0
 119993-8
#nylinje
2
98.2
88
3
A
4
3
0
0
 119993-7
#nylinje
3
88.2
38
3
A
4
2
0
0
 119993-6
#nylinje
3
68.2
88
3
A
3
3
0
0
 119993-4,4,5
#nylinje
3
38.2
38
3
A
2
2
0
0
 119993-3
#nylinje
2
58.2
58
3
A
3
2
0
0
 119993-1,2
#nylinje
1
78.2
58.6
3
A
3
2
0
0
 119746-4
#nylinje
1
48.2
98.6
3
A
2
3
0
0
 119746-3
#nylinje
2
78.2
38
3
A
3
2
0
0
 119746-2
#nylinje
1
64.8
96.7
3
A
2
3
0
0
 119746-1
#nylinje
5
77.9
138.1
3
A
2
3
0
0
 119587-1
#nylinje
1
54.8
97.2
3
A
2
3
0
0
 119582-1
#andre ting
1
0
0
1
