#kundeinfo
22 06 2003
002
119690
27
#nylinje
1
263.9
19.1
3
A
5
1
0
0
 119802-1
#nylinje
2
53
146.7
3
A
2
3
0
0
 119795-1
#nylinje
1
54.8
86.7
3
A
2
3
0
0
 119690-9
#nylinje
6
107.9
138.1
3
A
4
4
0
0
 119690-8
#nylinje
4
41.3
88
3
A
2
3
0
0
 119690-7
#nylinje
2
58.2
88
3
A
3
3
0
0
 119690-6
#nylinje
3
38.2
88
3
A
2
3
0
0
 119690-4,4,5
#nylinje
1
38.2
38
3
A
2
2
0
0
 119690-3
#nylinje
2
58.2
58
3
A
3
2
0
0
 119690-1,2
#nylinje
2
68.2
48
3
I
2
2
0
0
 119529-2
#nylinje
1
58.2
68
3
I
2
2
0
0
 119529-1
#andre ting
1
0
2
0
