#kundeinfo
24 06 2003
002
119322
27
#nylinje
1
64.8
96.7
3
I
2
2
0
0
 119322-13
#nylinje
2
98.2
58.6
3
I
2
2
0
0
 119322-11
#nylinje
4
78.2
98.6
3
I
2
2
0
0
 119322-10
#nylinje
1
64.8
96.7
3
I
2
2
0
0
 119322-9
#nylinje
3
78.2
58.6
3
I
2
2
0
0
 119322-8
#nylinje
2
98.2
98.6
3
I
2
2
0
0
 119322-7
#nylinje
2
53
161.8
3
I
2
3
0
0
 119322-6
#nylinje
3
50
167.6
3
I
1
3
0
0
 119322-5
#nylinje
2
78.2
128.6
3
I
2
3
0
0
 119322-4
#nylinje
1
74.8
96.7
3
I
2
2
0
0
 119322-3
#nylinje
1
98.2
78.6
3
I
2
2
0
0
 119322-2
#nylinje
2
78.2
98.6
3
I
2
2
0
0
 119322-1
#andre ting
1
0
2
0
