#kundeinfo
12 06 2003
002
119460
26
#nylinje
1
64.8
96.7
3
G
2
3
0
0
 119460-15
#nylinje
1
64.8
161.8
3
G
2
3
0
0
 119460-14
#nylinje
1
88.2
98.6
3
G
2
3
0
0
 119460-13
#nylinje
2
97.9
168.1
3
G
2
3
0
0
 119460-12
#nylinje
1
58.2
58.6
3
A
2
2
0
0
 119460-11
#nylinje
2
98.2
38.6
3
I
2
1
0
0
 119460-10
#nylinje
1
58.2
98.6
3
G
2
3
0
0
 119460-9
#nylinje
1
38.2
38.6
3
A
2
2
0
0
 119460-8
#nylinje
3
88.2
98.6
3
G
2
3
0
0
 119460-7
#nylinje
1
64.8
141.8
3
G
2
3
0
0
 119460-2
#nylinje
4
97.9
148.1
3
G
2
3
0
0
 119460-1
#andre ting
1
0
0
1
