#kundeinfo
12 06 2003
002
119317,119270,20367
25
#nylinje
1
64.8
182.8
3
A
2
6
0
0
 119317-5
#nylinje
2
58
182.8
3
A
2
6
0
0
 119317-4
#nylinje
2
47.9
198.1
3
A
2
6
0
0
 119317-3
#nylinje
4
107.9
168.1
3
A
2
5
0
0
 119317-2
#nylinje
16
98.2
98.6
3
A
2
3
0
0
 119317-1
#nylinje
2
31.3
108
3
A
1
3
0
0
 119270-10
#nylinje
6
31.3
108
3
A
1
3
0
0
 119270-9
#nylinje
1
74.8
106.7
3
A
2
3
0
0
 119270-8
#nylinje
2
53
138.3
3
A
2
3
0
0
 119270-5
#nylinje
1
28.2
118
3
A
1
3
0
0
 119270-4
#nylinje
16
31.3
118
3
A
1
3
0
0
 119270-3
#nylinje
1
64.8
96.7
3
G
2
3
0
0
 20367
#andre ting
1
0
2
1
