#kundeinfo
12 06 2003
002
119381,119326
25
#nylinje
1
74.8
93.3
3
I
2
2
0
0
 119381-11
#nylinje
1
74.8
96.7
3
I
2
2
0
0
 119381-10
#nylinje
4
78.2
138.6
3
G
2
3
0
0
 119381-9
#nylinje
2
98.2
138.6
3
G
2
3
0
0
 119381-8
#nylinje
1
98.2
38.6
3
G
2
1
0
0
 119381-7
#nylinje
6
98.2
98.6
3
I
2
2
0
0
 119381-6
#nylinje
1
74.8
93.3
3
I
2
2
0
0
 119381-5
#nylinje
1
74.8
141.8
3
G
2
3
0
0
 119381-4 (Flukte pos.3)
#nylinje
2
107.9
148.1
3
G
2
3
0
0
 119381-3
#nylinje
3
87.9
148.1
3
G
2
3
0
0
 119381-2
#nylinje
4
98.2
98.6
3
I
2
2
0
0
 119381-1
#nylinje
2
107.9
168.1
3
A
2
3
0
0
 119326-7
#andre ting
1
0
0
1
