#kundeinfo
24 06 2003
002
120006,119998,119989
27
#nylinje
1
64.8
86.7
3
A
2
3
0
0
 120006-8
#nylinje
2
107.9
138.1
3
A
4
4
0
0
 120006-7
#nylinje
1
42.3
88
3
A
2
3
0
0
 120006-6
#nylinje
2
52
98.1
3
A
2
3
0
0
 120006-6
#nylinje
3
98.2
88
3
A
4
3
0
0
 120006-5
#nylinje
2
78.2
18
3
A
4
1
0
0
 120006-4
#nylinje
2
38.2
38
3
A
2
2
0
0
 120006-3
#nylinje
6
68.2
88
3
A
3
3
0
0
 120006-1,2
#nylinje
2
88.2
78.6
3
A
3
3
0
0
 119998-4
#nylinje
2
158.2
98.6
3
B
4
3
0
0
 119998-3
#nylinje
2
88.2
58.6
3
A
3
2
0
0
 119998-2
#nylinje
2
167.9
148.1
3
B
4
4
0
0
 119998-1
#nylinje
2
67.9
168.1
3
D
2
2
0
0
 119989-3
#nylinje
2
38.2
38.6
3
A
2
2
0
0
 119989
#nylinje
1
48.2
48
3
A
2
2
0
0
 119989
#nylinje
7
58.2
98.6
3
D
2
2
0
0
 119989-1
#andre ting
1
0
0
1
