#kundeinfo
17 08 2006
002
161188,160954
34
#nylinje
2
58.4
58.3
9
A
2
2
0
0 0 0
161188-1,2
#nylinje
1
88.4
38.3
9
A
4
2
0
0 0 0
161188-3
#nylinje
1
68.4
88.3
9
A
3
3
0
0 0 0
161188-4
#nylinje
3
38.4
38.3
9
A
2
2
0
0 0 0
161188-5
#nylinje
3
88.4
38.3
9
A
4
2
0
0 0 0
161188-6
#nylinje
2
68.4
88.3
9
A
3
3
0
0 0 0
161188-7
#nylinje
2
98.4
88.3
9
A
4
3
0
0 0 0
161188-8
#nylinje
1
108.1
138.4
9
A
4
3
0
0 0 0
161188-9 (Fast)
#nylinje
1
75
132.1
9
A
2
3
0
0 1 0
161188-10_(Dør)
#nylinje
4
58.4
88.3
9
A
2
2
0
0 0 0
160954-1,2
#nylinje
1
38.4
88.3
9
A
1
2
0
0 0 0
160954-4
#nylinje
1
38.4
88.3
9
A
2
2
0
0 0 0
160954-5
#nylinje
2
68.4
88.3
9
A
2
2
0
0 0 0
160954-6,7
#nylinje
4
78.4
88.3
9
A
2
2
0
0 0 0
160954-8,9,10,10
#nylinje
2
98.4
38.3
9
A
2
1
0
0 0 0
160954-11
#nylinje
3
78.1
138.4
9
A
2
3
0
0 0 0
160954-12
#nylinje
1
55
132
9
A
2
3
0
0 0 0
160954-13
#andre ting
0
1
2
0
