#kundeinfo
29 08 2006
002
161452,161425,161154
36
#nylinje
1
48.4
48.3
9
A
2
2
0
0 0 0
161452-1
#nylinje
2
68.2
160.6
9
I
2
3
0
0 0 0
161425-1
#nylinje
1
68.1
108.4
9
I
2
2
0
0 0 0
161425-2
#nylinje
2
53.2
152.1
9
D
2
2
0
0 0 0
161154-1
#nylinje
2
158.1
158.4
9
D2
3
2
0
0 0 0
161154-2_(m/_bue)
#nylinje
7
68.4
98.9
9
D
2
2
0
0 0 0
161154-3
#nylinje
2
28.4
98.9
9
D
1
2
0
0 0 0
161154-4
#nylinje
2
38.4
38.9
9
I
2
2
0
0 0 0
161154-5
#nylinje
2
53.2
142.1
9
D
2
2
0
0 0 0
161154-7
#andre ting
0
1
2
0
