#kundeinfo
07 08 2006
002
160850,160738,160390
32
#nylinje
4
68.4
88.3
9
A
2
3
0
0 0 0
160854-1,2,3,3
#nylinje
1
58.4
88.3
9
A
2
3
0
0 0 0
160854-4_(Lukke)
#nylinje
1
55
87
9
A
2
3
0
0 1 0
160854-5_(Dør)
#nylinje
1
98.4
38.3
9
A
2
1
0
0 0 0
160854-6
#nylinje
1
98.4
88.3
9
A
2
2
0
0 0 0
160854-7
#nylinje
3
68.4
88.3
9
A
2
3
0
0 0 0
160854-8
#nylinje
4
68.4
88.3
9
A
2
3
0
0 0 0
160854-9
#nylinje
4
108.1
138.4
9
A
2
3
0
0 0 0
160854-10
#nylinje
1
55
87
9
A
2
2
0
0 1 0
160854-11_(Dør)
#nylinje
1
98.4
88.3
9
A
4
3
0
0 0 0
160738-1
#nylinje
2
41.5
88.3
9
A
2
3
0
0 0 0
160390-1
#nylinje
3
42.5
88.3
9
A
2
3
0
0 0 0
160390-2
#nylinje
1
98.3
38.3
9
A
3
2
0
0 0 0
160390-3
#andre ting
0
1
0
1
