#kundeinfo
07 08 2006
002
160545,160409
32
#nylinje
1
58.4
68.3
9
A
2
2
0
0 0 0
160545-1
#nylinje
1
68.4
78.3
9
A
2
2
0
0 0 0
160545-2
#nylinje
1
128.1
88.4
9
A
3
2
0
0 0 0
160545-3
#nylinje
1
88.1
88.4
9
A
2
1
0
0 0 0
160545-12
#nylinje
2
38.4
98.9
9
A
1
3
0
0 0 0
160409-1
#nylinje
4
98.4
98.9
9
A
2
3
0
0 0 0
160409-2
#nylinje
2
78.4
98.9
9
A
2
3
0
0 0 0
160409-3
#nylinje
1
65
97
9
A
2
3
0
0 0 0
160409-4
#nylinje
1
75
97
9
A
2
3
0
0 0 0
160409-6
#nylinje
2
108.1
168.4
9
A
2
4
0
0 0 0
160409-7
#nylinje
2
108.1
68.4
9
A
2
2
0
0 0 0
160409-8
#andre ting
1
0
2
0
