#kundeinfo
17 08 2006
002
161214,161196
34
#nylinje
3
38.4
38.3
9
A
2
2
0
0 0 0
161214-1
#nylinje
1
18.4
88.3
9
A
1
2
0
0 0 0
161214-2
#nylinje
4
38.4
88.3
9
A
2
2
0
0 0 0
161214-3,4
#nylinje
3
58.4
88.3
9
A
2
2
0
0 0 0
161214-5,6,6
#nylinje
2
68.4
88.3
9
A
2
2
0
0 0 0
161214-7,8
#nylinje
2
98.4
38.3
9
A
2
1
0
0 0 0
161214-9
#nylinje
2
88.1
128.4
9
A
2
3
0
0 0 0
161214-10
#nylinje
2
78.4
88.3
9
A
2
2
0
0 0 0
161214-11_(Lukke)
#nylinje
1
55
87
9
A
2
2
0
0 1 0
161214-12_(Dør)
#nylinje
2
38.4
88.3
9
A
2
2
0
0 0 0
161196-1,2
#nylinje
2
58.4
88.3
9
A
2
2
0
0 0 0
161196-3,4
#nylinje
4
38.4
88.3
9
A
2
2
0
0 0 0
161196-7,8,9,10
#nylinje
2
98.4
38.3
9
A
2
1
0
0 0 0
161196-11
#nylinje
2
88.4
78.3
9
A
2
2
0
0 0 0
161196-12_(Lukke)
#nylinje
1
55
77
9
A
2
2
0
0 1 0
161196-13_(Dør)
#nylinje
1
78.4
88.3
9
A
2
2
0
0 0 0
161196-14
#nylinje
5
88.1
128.4
9
A
2
3
0
0 0 0
161196-15
#nylinje
1
18.4
88.3
9
A
1
2
0
0 0 0
161196-16
#andre ting
0
1
2
0
