#kundeinfo
14 08 2006
002
161063,161019
33
#nylinje
1
38.4
38.3
9
A
2
2
0
0 0 0
161063-1
#nylinje
1
58.4
38.3
9
A
3
2
0
0 0 0
161063-2
#nylinje
2
41.5
48.3
9
A
2
2
0
0 0 0
161063-3
#nylinje
2
58.4
88.3
9
A
3
3
0
0 0 0
161063-4
#nylinje
2
41.5
88.3
9
A
2
3
0
0 0 0
161063-5
#nylinje
2
58.4
58.3
9
A
3
2
0
0 0 0
161019-1,2
#nylinje
1
38.4
38.3
9
A
2
2
0
0 0 0
161019-3
#nylinje
3
68.4
88.3
9
A
3
3
0
0 0 0
161019-4
#nylinje
2
68.4
38.3
9
A
3
2
0
0 0 0
161019-5
#nylinje
3
88.4
38.3
9
A
4
2
0
0 0 0
161019-6
#nylinje
6
41.5
88.3
9
A
2
3
0
0 0 0
161019-7
#nylinje
2
108.1
138.4
9
A
4
3
0
0 0 0
161019-8_(Fast)
#nylinje
1
55
132.1
9
A
2
3
0
0 1 0
161019-9_(Dør)
#nylinje
1
28.4
18.3
9
A
2
2
0
0 0 0
161019-10
#andre ting
0
0
0
1
