#kundeinfo
17 08 2006
002
161210,161204
34
#nylinje
4
68.4
88.3
9
G
2
3
0
0 0 0
161210-1,2
#nylinje
3
38.4
88.3
9
G
2
3
0
0 0 0
161210-3_(Lukke)
#nylinje
1
55
87
9
G
2
3
0
0 1 0
161210-4_(Dør)
#nylinje
6
68.4
88.3
9
G
2
3
0
0 0 0
161210-5
#nylinje
4
88.1
108.4
9
G
2
3
0
0 0 0
161210-6
#nylinje
2
53.2
169.4
9
G
2
5
0
0 0 0
161210-7
#nylinje
4
68.4
88.3
9
G
2
3
0
0 0 0
161204-1,2
#nylinje
3
38.4
88.3
9
G
2
3
0
0 0 0
161204-3_(Lukke)
#nylinje
1
55
87
9
G
2
3
0
0 1 0
161204-4_(Dør)
#nylinje
6
68.4
88.3
9
G
2
3
0
0 0 0
161204-5
#nylinje
4
88.1
108.4
9
G
2
3
0
0 0 0
161204-6
#nylinje
2
53.2
169.4
9
G
2
5
0
0 0 0
161204-7
#andre ting
0
1
2
0
