#kundeinfo
18 08 2006
020
51017,51053,51057,51058
34/35
#nylinje
7
79.2
100.5
3
G
2
3
0
0 0 0
51017
#nylinje
2
118.3
38.5
3
A
5
2
0
0 0 0
51053-1
#nylinje
1
48.3
38.5
3
A
3
2
0
0 0 0
51053-2
#nylinje
2
38.3
77.5
3
A
2
3
0
0 0 0
51057-1,2
#nylinje
10
38.3
77.5
3
A
2
3
0
0 0 0
51057-3
#nylinje
6
38.3
108.5
3
A
2
4
0
0 0 0
51057-4
#nylinje
6
38.3
77.5
3
A
2
3
0
0 0 0
51057-5
#nylinje
2
58.3
77.5
3
A
3
3
0
0 0 0
51057-6
#nylinje
1
58.3
77.5
3
A
3
3
0
0 0 0
51057-7
#nylinje
2
38.3
77.5
3
A
2
3
0
0 0 0
51058-1,2
#nylinje
10
38.3
77.5
3
A
2
3
0
0 0 0
51058-3
#nylinje
6
38.3
108.5
3
A
2
4
0
0 0 0
51058-4
#nylinje
6
38.3
77.5
3
A
2
3
0
0 0 0
51058-5
#nylinje
2
58.3
77.5
3
A
3
3
0
0 0 0
51058-6
#nylinje
1
58.3
77.5
3
A
3
3
0
0 0 0
51058-7
#andre ting
0
1
0
1
