#kundeinfo
27 10 2008
002
132383,134915,135349,135580
45
#nylinje
2
88.1
143.38
9
I
2
3
0
0 0 0
132383-26,28_(Skrå)
#nylinje
2
58.1
67.38
9
I
2
2
0
0 1 0
132383-30,32_(Skå,Inndeling)
#nylinje
2
76.1
138.3
9
A
2
4
0
0 0 0
134915-1,3
#nylinje
3
98.1
178.4
9
A
2
2
0
0 0 0
135169-1
#nylinje
1
68.1
178.4
9
A
2
2
0
0 0 0
135169-3
#nylinje
2
58.1
129.6
9
A
1
3
0
0 0 0
135224-1,3_(Skrå)
#nylinje
4
96.4
24.3
9
I
2
1
0
0 0 0
135349-1
#nylinje
1
74.4
24.3
9
I
2
1
0
0 0 0
135349-3
#nylinje
5
38.9
99.2
3
I
1
2
0
0 0 0
135580
#nylinje
5
88.9
99.2
3
I
2
2
0
0 0 0
135580
#nylinje
3
75.5
97.6
3
I
2
2
0
0 0 0
135580
#andre ting
0
1
2
0
