#kundeinfo
15 10 2008
002
_
43
#nylinje
1
55
133.3
9
A
2
3
0
0 0 0
134506-1
#nylinje
4
41.5
98.3
9
A
2
3
0
0 0 0
134517-1,3
#nylinje
2
26.5
118.3
9
A
1
3
0
0 0 0
134587-1,3
#nylinje
3
138.4
68.9
9
B
4
2
0
0 0 0
134546-1
#nylinje
1
78.4
58.9
9
G
2
2
0
0 0 0
134546-3
#nylinje
1
128.4
108.9
9
B
4
3
0
0 0 0
134546-5
#nylinje
1
68.1
48.4
9
A
3
2
0
0 0 0
134586-1
#nylinje
3
58.4
78.3
9
A
2
3
0
0 0 0
134834-1
#nylinje
2
88.4
88.9
9
A
3
3
0
0 0 0
135039-1
#nylinje
2
58.1
132.3
9
A
2
3
0
0 0 0
135081-1,3
#nylinje
1
58.4
48.3
9
A
2
2
0
0 0 0
135122-1
#nylinje
2
79.5
99.2
3
A
3
3
0
0 0 0
Henning
#andre ting
0
1
2
0
