#kundeinfo
27 10 2008
002
135348
45
#nylinje
2
38.4
88.3
9
A
2
2
0
0 0 0
135348-1,3
#nylinje
2
58.4
88.3
9
A
2
2
0
0 0 0
135348-4,6
#nylinje
1
55
87.3
9
A
2
2
0
0 0 0
135348-7
#nylinje
2
68.4
38.3
9
A
2
2
0
0 0 0
135348-9
#nylinje
2
58.4
88.3
9
A
2
2
0
0 0 0
135348-11
#nylinje
4
68.4
88.3
9
A
2
2
0
0 0 0
135348-12
#nylinje
3
98.4
88.3
9
A
2
2
0
0 0 0
135348-14
#nylinje
2
48.1
168.4
9
A
2
3
0
0 0 0
135348-16
#nylinje
4
108.1
138.4
9
A
2
3
0
0 0 0
135348-18
#nylinje
1
55
87.3
9
A
2
2
0
0 0 0
135348-20
#andre ting
0
1
0
1
