#kundeinfo
02 10 2008
002
133723,133734,134064
41
#nylinje
8
31.5
66.27
9
A
1
2
0
0 0 0
133723-1,3
#nylinje
18
36.5
98.3
9
A
2
4
0
0 0 0
133734-1,3
#nylinje
5
38.4
38.3
9
A
2
2
0
0 0 0
133734-4
#nylinje
4
58.4
88.3
9
A
2
2
0
0 0 0
134064-1,3
#nylinje
2
58.4
108.3
9
A
2
2
0
0 0 0
134064-4
#nylinje
2
48.1
168.4
9
A
2
3
0
0 0 0
134064-6
#nylinje
3
105.1
168.4
9
A
2
3
0
0 0 0
134064-9
#nylinje
1
55
162.3
9
A
2
3
0
0 1 0
134064-11_(Inndeling)
#nylinje
6
68.4
88.3
9
A
2
2
0
0 0 0
134064-13
#nylinje
2
98.4
108.3
9
A
2
2
0
0 0 0
134064-15
#andre ting
0
1
2
0
