#kundeinfo
15 11 2006
002
103930,103556
47
#nylinje
2
38.4
128.9
9
A
1
2
0
0 0 0
103930-1_(D)
#nylinje
7
88.4
118.9
9
A
2
2
0
0 0 0
103930-2_(D)
#nylinje
4
88.4
118.9
9
A
2
2
0
0 0 0
103930-3_(D)
#nylinje
2
78.4
98.9
9
A
2
2
0
0 0 0
103930-4_(D)
#nylinje
2
108.4
128.9
9
A
2
2
0
0 0 0
103930-5_(D)
#nylinje
2
53.2
127.2
9
A
1
2
0
0 1 0
103930-6,7_(Dør)_(D)
#nylinje
1
75
117.2
9
A
2
2
0
0 1 0
103930-9_(Fra_Topp)
#nylinje
1
75
97.2
9
A
2
2
0
0 1 0
103930-10_(Fra_Topp)
#nylinje
8
58.1
168.4
9
A
2
3
0
0 0 0
103556-1_(Fast)
#nylinje
2
38.1
168.4
9
A
2
3
0
0 0 0
103556-2
#nylinje
6
78.4
98.9
9
A
2
2
0
0 0 0
103556-3,3,4,4,4,4_(D)
#nylinje
6
88.4
98.9
9
A
2
2
0
0 0 0
103556-5_(D)
#nylinje
2
48.4
98.9
9
A
2
2
0
0 0 0
103556-6_(D)
#nylinje
1
28.4
98.9
9
A
2
2
0
0 0 0
103556-7_(D)
#nylinje
2
68.2
162.2
9
A
2
3
0
0 1 0
103556-8,9_(Dør)
#nylinje
2
75
97.2
9
A
2
2
0
0 0 0
103556-10,11_(D)
#andre ting
0
1
2
0
