#kundeinfo
28 11 2006
002
103537,104160,160864
48
#nylinje
1
38.4
38.9
9
A
2
2
0
0 0 0
103537-2
#nylinje
1
168.1
148.4
9
D
3
2
0
0 0 0
103537-3_(Spesiell)
#nylinje
1
65
142.2
9
A
2
4
0
0 0 0
103537-4
#nylinje
2
53.2
142.2
9
A
2
4
0
0 0 0
103537-5,6
#nylinje
2
28.4
98.9
9
A
1
3
0
0 0 0
103537-8
#nylinje
1
65
97.2
9
A
2
3
0
0 0 0
103537-9
#nylinje
1
38.4
38.9
9
A
2
2
0
0 0 0
103537-10
#nylinje
2
48.1
148.4
9
A
2
4
0
0 0 0
103537-11
#nylinje
1
118.1
148.4
9
D
3
2
0
0 0 0
103537-12_(Spesiell)
#nylinje
1
128.4
108.9
9
D
3
2
0
0 0 0
103537-13_(Spesiell)
#nylinje
7
88.4
98.9
9
A
3
3
0
0 0 0
103537
#nylinje
6
88.4
98.9
3
G
2
3
0
0 0 0
104160
#nylinje
2
58.4
78.9
3
D
2
2
0
0 0 0
160864
#nylinje
2
58.4
98.7
3
A
2
3
0
0 0 0
104552
#andre ting
0
0
2
0
