#kundeinfo
15 11 2006
002
_
47
#nylinje
4
58.4
88.3
9
A
2
2
0
0 0 0
104432-1,3
#nylinje
1
18.4
128.3
9
A
1
3
0
0 0 0
104432-4
#nylinje
2
38.4
88.3
9
A
2
2
0
0 0 0
104432-8
#nylinje
2
58.4
88.3
9
A
2
2
0
0 0 0
104432-9,10
#nylinje
3
68.4
88.3
9
A
2
2
0
0 0 0
104432-11,11,13
#nylinje
5
78.1
168.4
9
A
2
3
0
0 0 0
104432-14
#nylinje
1
88.1
168.4
9
A
2
3
0
0 0 0
104432-16
#nylinje
1
55
87.2
9
A
2
2
0
0 0 0
104432-18
#nylinje
2
78.1
102
9
A
2
2
0
0 0 0
104432-26,28_(Skråsprosser)
#nylinje
1
78.1
52.8
9
A
2
1
0
0 0 0
104432-30_(Skråsprosse)
#nylinje
4
26.5
35.3
9
A
2
2
0
0 0 0
102839-1,2
#nylinje
2
34.8
33.6
9
A
2
2
0
0 0 0
102839-3,4
#nylinje
2
48.4
48.9
9
A
2
2
0
0 0 0
104049-1
#nylinje
6
78.4
108.9
9
G
2
3
0
0 0 0
104228-1_(80_mm)
#nylinje
1
118.4
78.9
9
G
2
2
0
0 0 0
104228-5_(80_mm)
#andre ting
0
1
2
0
