#kundeinfo
22 10 2007
002
119394,119516
45
#nylinje
2
58.4
58.3
9
A
3
2
0
0 0 0
119394-1,3
#nylinje
1
28.4
88.3
9
A
1
3
0
0 0 0
199394-4
#nylinje
2
38.4
88.3
9
A
2
3
0
0 0 0
119394-6
#nylinje
2
58.4
88.3
9
A
2
3
0
0 0 0
119394-8
#nylinje
4
41.5
88.3
9
A
2
3
0
0 0 0
119394-10,12
#nylinje
2
48.1
138.4
9
A
1
3
0
0 0 0
119394-13
#nylinje
6
84.1
134
9
A
1
3
0
0 1 0
119394-15,17,19,21,23,25_(Inndeling)
#nylinje
1
55
87.2
9
A
2
3
0
0 0 0
119394-27
#nylinje
1
55
87.2
9
A
2
3
0
0 1 0
119394-29_(Inndeling)
#nylinje
2
58.4
58.3
9
A
3
2
0
0 0 0
119516-1,3
#nylinje
1
28.4
88.3
9
A
1
3
0
0 0 0
119516-4
#nylinje
2
38.4
88.3
9
A
2
3
0
0 0 0
119516-6
#nylinje
2
58.4
88.3
9
A
2
3
0
0 0 0
119516-8
#nylinje
4
41.5
88.3
9
A
2
3
0
0 0 0
119516-10,12
#nylinje
2
48.1
138.4
9
A
1
3
0
0 0 0
119516-13
#nylinje
6
84.1
134
9
A
1
3
0
0 1 0
119516-15,17,19,21,23,25_(Inndeling)
#nylinje
1
55
87.2
9
A
2
3
0
0 0 0
119516-27
#nylinje
1
55
87.2
9
A
2
3
0
0 1 0
119516-29_(Inndeling)
#andre ting
0
1
0
1
