#kundeinfo
25 10 2007
002
119308,119346
45
#nylinje
2
98.1
48.4
9
C
3
2
0
0 0 0
119308-1
#nylinje
1
68.4
98.9
9
C
3
3
0
0 0 0
119308-3
#nylinje
1
65
97.2
9
C
2
3
0
0 0 0
119308-6
#nylinje
4
58.4
88.3
9
A
2
2
0
0 0 0
119346-1,3
#nylinje
1
18.4
78.3
9
A
1
2
0
0 0 0
119346-4
#nylinje
2
38.4
88.3
9
A
2
2
0
0 0 0
119346-6
#nylinje
2
98.4
38.3
9
A
2
1
0
0 0 0
119346-8
#nylinje
5
78.4
88.3
9
A
2
2
0
0 0 0
119346-10
#nylinje
2
88.1
128.4
9
A
2
3
0
0 0 0
119346-12
#nylinje
1
55
87.2
9
A
2
2
0
0 0 0
119346-14
#andre ting
0
1
0
1
