#kundeinfo
25 10 2007
002
119961
46
#nylinje
4
58.4
88.3
9
A
2
3
0
0 0 0
119961-1,3
#nylinje
1
38.4
38.3
9
A
2
2
0
0 0 0
119961-4
#nylinje
2
58.4
58.3
9
A
2
2
0
0 0 0
119961-6
#nylinje
1
18.4
88.3
9
A
1
3
0
0 0 0
119961-8
#nylinje
4
68.4
88.3
9
A
2
3
0
0 0 0
119961-10,12,13,14
#nylinje
4
88.1
138.4
9
A
2
3
0
0 0 0
119961-15
#nylinje
2
108.1
48.4
9
A
3
2
0
0 0 0
119961-17
#nylinje
2
88.1
98.4
9
A
2
3
0
0 0 0
119961-19_(Fast)
#nylinje
1
55
92.2
9
A
2
3
0
0 1 0
119961-21_(Dør)
#nylinje
1
38.4
88.3
9
A
2
3
0
0 0 0
119961-31
#andre ting
0
1
2
0
