#kundeinfo
22 09 2006
002
100777,101137,101035
39
#nylinje
1
38.4
38.3
9
A
2
2
0
0 0 0
100777-1
#nylinje
1
68.4
88.3
9
A
3
3
0
0 0 0
100777-2
#nylinje
1
98.4
88.3
9
A
4
3
0
0 0 0
100777-3
#nylinje
2
53.2
179.6
9
A
2
4
0
0 0 0
100805-1,2
#nylinje
1
38.4
88.3
9
A
2
2
0
0 0 0
101137-2
#nylinje
2
58.4
88.3
9
A
2
2
0
0 0 0
101137-3,4
#nylinje
2
38.4
88.3
9
A
2
2
0
0 0 0
101137-6
#nylinje
2
98.4
38.3
9
A
2
1
0
0 0 0
101137-7
#nylinje
7
78.4
88.3
9
A
2
2
0
0 0 0
101137-8,9,9,9,9,9,9
#nylinje
1
88.1
88.4
9
A
2
1
0
0 0 0
100866-1_(Hengsler)
#nylinje
1
18.7
142.2
9
A
1
5
0
0 0 0
101035-1
#nylinje
1
57.7
142.2
9
A
2
5
0
0 0 0
101035-2
#nylinje
1
38.4
88.3
9
A
2
2
0
0 0 0
101137-1_(Lukke)
#nylinje
3
38.4
38.3
9
A
2
2
0
0 0 0
101137-5
#nylinje
1
55
87.2
9
A
2
2
0
0 1 0
101137-10_(dør)
#andre ting
0
1
0
1
