#kundeinfo
18 09 2006
002
100366,100470,100628
38
#nylinje
2
58.4
58.3
9
A
3
2
0
0 0 0
100366-1,2
#nylinje
4
58.4
88.3
9
A
2
3
0
0 0 0
100366-3
#nylinje
4
68.4
88.3
9
A
2
3
0
0 0 0
100366-4,5,5,5
#nylinje
1
38.4
88.3
9
A
2
3
0
0 0 0
100366-6
#nylinje
6
41.5
88.3
9
A
2
3
0
0 0 0
100366-7,7,7,8,8,8
#nylinje
1
55
87.2
9
A
2
3
0
0 0 0
100366-9
#nylinje
6
84.1
134
9
A
1
3
0
0 0 0
100366-10,11,12,13,14,15
#nylinje
8
108.1
138.4
9
A
2
2
0
0 0 0
100470-1
#nylinje
8
98.4
128.9
9
A
2
2
0
0 0 0
100470-2
#nylinje
4
98.4
118.9
9
A
2
2
0
0 0 0
100470-3
#nylinje
8
98.4
98.9
9
A
2
2
0
0 0 0
100470-4
#nylinje
2
65
132.2
9
A
2
2
0
0 0 0
100470-5,6
#nylinje
4
58.4
88.3
9
A
2
2
0
0 0 0
100628-1,1,2,2
#nylinje
2
38.4
88.3
9
A
2
2
0
0 0 0
100628-3
#nylinje
2
98.4
38.3
9
A
2
1
0
0 0 0
100628-4
#nylinje
5
78.4
88.3
9
A
2
2
0
0 0 0
100628-5
#nylinje
2
78.4
88.3
9
A
2
2
0
0 0 0
100628-6
#nylinje
5
88.1
138.4
9
A
2
3
0
0 0 0
100628-7_(Fast)
#nylinje
1
55
132.2
9
A
2
3
0
0 1 0
100628-8_(Dør)
#nylinje
1
55
87.2
9
A
2
2
0
0 0 0
100632-1
#nylinje
2
68.2
97.2
9
A
2
3
0
0 0 0
100630-1,2_(Hengsler)
#andre ting
0
1
2
0
