#kundeinfo
18 09 2006
002
100331,100608
38
#nylinje
2
58.4
58.3
9
A
3
2
0
0 0 0
100331-1,2
#nylinje
3
38.4
38.3
9
A
2
2
0
0 0 0
100331-3
#nylinje
3
68.4
88.3
9
A
3
3
0
0 0 0
100331-4
#nylinje
3
88.4
38.3
9
A
4
2
0
0 0 0
100331-5
#nylinje
2
98.4
88.3
9
A
4
3
0
0 0 0
100331-6
#nylinje
2
108.1
138.4
9
A
4
3
0
0 0 0
100331-7
#nylinje
1
55
132.2
9
A
2
3
0
0 0 0
100331-8
#nylinje
2
58.4
58.3
9
A
3
2
0
0 0 0
100608-1,2
#nylinje
3
38.4
38.3
9
A
2
2
0
0 0 0
100608-3
#nylinje
3
68.4
88.3
9
A
3
3
0
0 0 0
100608-4
#nylinje
3
88.4
38.3
9
A
4
2
0
0 0 0
100608-5
#nylinje
4
98.4
88.3
9
A
4
3
0
0 0 0
100608-6
#nylinje
1
55
87.2
9
A
2
3
0
0 0 0
100608-7
#andre ting
0
1
0
1
