#kundeinfo
29 09 2006
002
101033
40
#nylinje
1
38.1
108.4
9
A
1
3
0
0 0 0
101033-1
#nylinje
2
108.1
148.4
9
A
2
3
0
0 0 0
101033-2_(Fast)
#nylinje
9
78.4
98.9
9
A
2
3
0
0 0 0
101033-4_(Glide)
#nylinje
1
65
97.2
9
A
2
3
0
0 1 0
101033-6_(Dør)
#nylinje
2
53.2
142.2
9
A
2
3
0
0 1 0
101033-7,8_(Dør)
#nylinje
1
45
77.2
9
A
2
2
0
0 0 0
101072-1
#nylinje
2
78.4
118.9
9
D
2
2
0
0 0 0
100937-1
#nylinje
4
38.1
148.4
9
A
1
3
0
0 0 0
101033-3
#nylinje
3
38.4
98.9
9
A
1
3
0
0 0 0
101033-5
#andre ting
0
1
2
0
