#kundeinfo
06 09 2006
002
06-33
36
#nylinje
2
58.4
58.3
9
A
3
2
0
0 0 0
954-1 2
#nylinje
3
38.4
38.3
9
A
2
2
0
0 0 0
954-3
#nylinje
2
88.4
38.3
9
A
4
2
0
0 0 0
954-4
#nylinje
3
68.4
88.3
9
A
3
3
0
0 0 0
954-5
#nylinje
2
88.4
88.3
9
A
4
3
0
0 0 0
954-6
#nylinje
2
98.4
88.3
9
A
4
3
0
0 1 0
954-7
#nylinje
1
55.0
87.0
9
A
2
3
0
0 1 0
954-8-DØR
#nylinje
2
53.2
97
9
A
2
3
0
0 0 0
673-1
#nylinje
4
108.1
148.4
9
D
2
2
0
0 0 0
443-1
#nylinje
4
98.4
98.9
9
D
2
2
0
0 0 0
443-2
#nylinje
6
88.4
98.9
9
D
2
2
0
0 0 0
443-3
#nylinje
4
38.4
98.9
9
D
1
2
0
0 0 0
443-4
#nylinje
2
128.4
98.9
9
D
3
2
0
0 0 0
443-5
#nylinje
2
75
97
9
D
2
2
0
0 0 0
443-6
#nylinje
2
75
97
9
D
1
2
0
0 0 0
443-7
#andre ting
0
1
2
0
