#kundeinfo
18 09 2006
002
100815,100818
38
#nylinje
4
58.4
88.3
9
A
2
2
0
0 0 0
100815-1,1,2,2
#nylinje
1
18.4
128.3
9
A
1
3
0
0 0 0
100815-3
#nylinje
2
38.4
88.3
9
A
2
2
0
0 0 0
100815-4
#nylinje
3
68.4
88.3
9
A
2
2
0
0 0 0
100815-5
#nylinje
2
88.4
88.3
9
A
2
2
0
0 0 0
100815-6_(Lukke)
#nylinje
5
78.1
168.4
9
A
2
3
0
0 0 0
100815-7
#nylinje
1
88.1
168.4
9
A
2
3
0
0 0 0
100815-8
#nylinje
2
78.1
102
9
A
2
2
0
0 0 0
100815-9,10_(Skråspross)
#nylinje
1
78.1
52.8
9
A
2
1
0
0 0 0
100815-11_(Skråspross)
#nylinje
1
55
87.2
9
A
2
2
0
0 1 0
100815-12_(Dør)
#nylinje
4
58.4
88.3
9
A
2
2
0
0 0 0
100818-1,1,2,2
#nylinje
1
38.4
88.3
9
A
2
2
0
0 0 0
100818-4
#nylinje
3
68.4
88.3
9
A
2
2
0
0 0 0
100818-5
#nylinje
2
88.4
88.3
9
A
2
2
0
0 0 0
100818-6_(Lukke)
#nylinje
5
78.1
168.4
9
A
2
3
0
0 0 0
100818-7
#nylinje
1
88.1
168.4
9
A
2
3
0
0 0 0
100818-8
#nylinje
2
78.1
102
9
A
2
2
0
0 0 0
100818-9,10_(Skråspross)
#nylinje
1
78.1
52.8
9
A
2
1
0
0 0 0
100818-11_(Skråspross)
#nylinje
1
55
87.2
9
A
2
2
0
0 1 0
100818-12_(Dør)
#andre ting
0
1
0
1
