#kundeinfo
30 06 2008
002
129807,129631
32
#nylinje
1
65
107.3
9
D
2
2
0
0 1 0
129807-10_(Inndeling)
#nylinje
2
38.4
88.3
9
A
2
2
0
0 0 0
129631-1,3
#nylinje
2
58.4
88.3
9
A
2
2
0
0 0 0
129631-4,6
#nylinje
1
18.4
78.3
9
A
1
2
0
0 0 0
129631-7
#nylinje
1
38.4
88.3
9
A
2
2
0
0 0 0
129631-9
#nylinje
2
98.4
38.3
9
A
2
1
0
0 0 0
129631-10
#nylinje
5
98.4
88.3
9
A
2
2
0
0 0 0
129631-12,12,12,12,14
#nylinje
3
88.1
128.4
9
A
2
3
0
0 0 0
129631-15
#nylinje
1
55
87.3
9
A
2
2
0
0 0 0
129631-17
#andre ting
0
1
2
0
