#kundeinfo
26 06 2008
002
129604,130024,129736
27
#nylinje
2
108.1
78.4
9
A
2
1
0
0 0 0
129604-1
#nylinje
2
78.4
28.3
9
A
3
1
0
0 0 0
130024-1
#nylinje
1
58.4
58.3
9
A
2
2
0
0 0 0
130024-3
#nylinje
1
78.4
58.3
9
A
3
2
0
0 0 0
130024-5
#nylinje
9
78.4
98.9
9
H
2
2
0
0 0 0
129736-1
#nylinje
4
98.4
128.9
9
H
2
2
0
0 0 0
129736-3
#nylinje
10
98.4
98.9
9
H
2
2
0
0 0 0
129736-5
#nylinje
6
63.1
181.9
9
A
2
5
0
0 0 0
129736-7,9,37,37,38,38
#nylinje
1
38.4
68.9
9
A
2
3
0
0 0 0
129736-13
#andre ting
0
1
2
0
