#kundeinfo
10 02 2010
002
151485,151653,151718
7
#nylinje
1
98.9
99.5
9
A
3
3
0
0 0 0
151485-1
#nylinje
5
68.9
109.5
9
G
2
3
0
0 0 0
151653-1
#nylinje
2
38.9
89.5
9
A
1
2
0
0 0 0
151718-1
#nylinje
5
68.9
89.5
9
A
2
2
0
0 0 0
151718-3,3,3,3,5
#nylinje
1
259.4
139.5
9
B2
6
3
0
0 0 0
151718-6_(80mm)
#nylinje
3
169.4
139.5
9
B
4
3
0
0 0 0
151718-8_(80mm)
#nylinje
1
71.95
129.5
9
A
2
3
0
0 0 0
151718-10
#nylinje
1
82.45
139.5
9
A
2
3
0
0 0 0
151718-12
#nylinje
1
65.3
132.6
9
A
2
3
0
0 0 0
151718-14
#andre ting
0
1
2
0
