#kundeinfo
28 05 2003
002
119338
25
#nylinje
2
58
131.8
3
A
2
3
0
0
 119338-13
#nylinje
2
68.2
88.6
3
A
2
2
0
0
 119338-12
#nylinje
1
159.9
148.1
3
A
4
3
0
0
 119338-11
#nylinje
2
37.9
148.1
3
A
1
3
0
0
 119338-10
#nylinje
1
68.2
98.6
3
A
2
3
0
0
 119338-9
#nylinje
1
38.2
98.6
3
A
2
3
0
0
 119338-8
#nylinje
1
77.9
128.1
3
A
2
4
0
0
 119338-7
#nylinje
2
118.2
48.6
3
A
4
2
0
0
 119338-6
#nylinje
2
58
136.7
3
A
2
3
0
0
 119338-5
#nylinje
3
97.9
148.1
3
A
2
3
0
0
 119338-4
#nylinje
2
88.2
138.6
3
A
2
3
0
0
 119338-3
#andre ting
1
0
2
0
