#kundeinfo
28 05 2003
002
119182,119180,119162
24
#nylinje
2
54.8
86.7
3
A
2
3
0
0
 119182-12,13
#nylinje
6
107.9
138.1
3
I
1
3
0
0
 119182-7
#nylinje
4
41.3
88
3
A
2
3
0
0
 119182-6
#nylinje
2
38.2
88
3
A
2
3
0
0
 119182-5
#nylinje
3
68.2
88
3
A
3
3
0
0
 119182-3,4,4
#nylinje
2
58.2
58
3
A
3
2
0
0
 119182-1,2
#nylinje
4
38.2
88
3
A
2
3
0
0
 119180-4
#nylinje
4
98.2
88
3
A
3
3
0
0
 119180-3
#nylinje
1
64.8
86.7
3
A
2
3
0
0
 119180-2
#nylinje
2
107.9
168.1
3
A
3
5
0
0
 119180-1
#nylinje
3
42.3
88
3
A
2
3
0
0
 119162-1
#andre ting
1
0
0
1
