#kundeinfo
26 05 2003
002
118730
23
#nylinje
1
64.8
96.7
3
G
2
3
0
0
 118730-13
#nylinje
3
88.2
38
3
G
2
1
0
0
 118730-12
#nylinje
1
64.8
141.8
3
G
2
3
0
0
 118730-11
#nylinje
2
64.8
96.7
3
G
2
3
0
0
 118730-9,10
#nylinje
2
88.2
38.6
3
G
2
1
0
0
 118730-8
#nylinje
12
78.2
88.6
3
G
2
3
0
0
 118730-7
#nylinje
5
88.2
98.6
3
G
2
3
0
0
 118730-6
#nylinje
1
107.9
188.1
3
G
2
4
0
0
 118730-5
#nylinje
2
38.2
138.6
3
A
1
3
0
0
 118730-4
#nylinje
2
47.9
148.1
3
A
1
3
0
0
 118730-3
#nylinje
1
133.9
148.1
3
G
2
3
0
0
 118730-2
#nylinje
2
137.9
148.1
3
G
2
3
0
0
 118730-1
#andre ting
1
0
0
1
