#kundeinfo
07 05 2003
002
118118
20
#nylinje
4
68
86.7
3
A
2
2
0
0
 118400-1
#nylinje
1
64.8
86.7
3
A
2
3
0
0
 118269-3
#nylinje
1
38.2
88
3
A
2
3
0
0
 118269-2
#nylinje
1
78.2
88
3
A
3
3
0
0
 118269-1
#nylinje
3
88.2
38
3
A
3
2
0
0
 118207-3
#nylinje
1
38.2
38
3
A
2
2
0
0
 118207-2
#nylinje
1
68.2
98.6
3
A
3
3
0
0
 118204-1
#nylinje
2
68.2
78
3
A
2
3
0
0
 118118-15,16
#nylinje
2
38.2
78
3
A
2
3
0
0
 118118-13,14
#nylinje
1
54.8
96.7
3
A
2
3
0
0
 118118-12
#nylinje
1
64.8
86.7
3
A
2
3
0
0
 118118-11
#nylinje
1
54.8
86.7
3
A
2
3
0
0
 118118-10
#nylinje
1
98.2
38
3
A
4
2
0
0
 118118-9
#nylinje
6
42.3
88
3
A
2
3
0
0
 118118-8
#nylinje
4
41.3
88
3
A
2
3
0
0
 118118-7
#nylinje
2
68.2
88
3
A
2
3
0
0
 118118-5,6
#nylinje
3
38.2
88
3
A
2
3
0
0
 118118-3,3,4
#nylinje
2
38.2
38
3
A
2
2
0
0
 118118-1,2
#andre ting
1
0
0
1
