#kundeinfo
07 05 2003
002
118276,118203
21
#nylinje
1
48.2
68
3
I
2
2
0
0
 118276-8
#nylinje
2
77.9
108.1
3
I
2
3
0
0
 118276-4 (Fast)
#nylinje
1
54.8
101.8
3
I
2
3
0
0
 118276-3 (Dør)
#nylinje
3
58.2
68
3
I
2
2
0
0
 118276-1
#nylinje
2
37.9
138
3
D
1
2
0
0
 20466
#nylinje
1
68.3
98.6
3
D
2
2
0
0
 20466
#nylinje
2
88.2
98.6
3
G
2
3
0
0
 118233-2
#nylinje
3
78.2
98.6
3
G
2
3
0
0
 118233-1
#nylinje
1
28.2
28
3
A
2
2
0
0
 118203-7
#nylinje
1
38.2
48.6
3
A
2
2
0
0
 118203-5
#nylinje
2
67.9
148.1
3
A
2
3
0
0
 118203-4 (Fast)
#nylinje
1
38.2
38.6
3
A
2
2
0
0
 118203-3
#nylinje
1
58.2
88.6
3
A
2
2
0
0
 118203-2 (Glide)
#nylinje
5
58.2
98.6
3
A
2
2
0
0
 118203-1 (Glide)
#andre ting
1
0
2
0
