#kundeinfo
11 10 2010
002
331,616,689
41
#nylinje
18
36.85
37.05
9
A
2
2
0
0 0 0
160331-5,3,6,7
#nylinje
4
32.35
37.05
9
A
2
2
0
0 0 0
160331-8,10
#nylinje
2
74.5
32.05
9
A
4
1
0
0 0 0
160331-11
#nylinje
6
26.85
27.05
9
A
2
2
0
0 0 0
160331-16,17
#nylinje
2
32.35
37.05
9
A
2
2
0
0 0 0
160331-18,19
#nylinje
1
54.5
32.05
9
A
3
1
0
0 0 0
160331-20
#nylinje
4
41.95
49.5
9
A
2
2
0
0 0 0
160331-24,26
#nylinje
10
51.95
89.5
9
A
2
3
0
0 0 0
160616-1,3
#nylinje
4
31.85
89.5
9
A
1
3
0
0 0 0
160616-4,5
#nylinje
10
26.85
89.5
9
A
1
2
0
0 0 0
160689-1,3
#nylinje
1
38.9
89.5
9
A
1
2
0
0 0 0
160689-4
#nylinje
7
79.4
139.5
9
A
2
3
0
0 0 0
160689-6
#nylinje
1
41.95
99.5
9
A
1
2
0
0 0 0
160689-8
#andre ting
0
1
2
0
