#kundeinfo
18 10 2010
002
161112,161315,161271
42
#nylinje
1
65.3
132.6
9
A
2
4
0
0 0 0
160857-1
#nylinje
1
118.9
109.5
9
I
2
1
0
0 0 0
160922-1
#nylinje
1
88.9
89.5
9
G
2
3
0
0 0 0
161112-1
#nylinje
2
129.22
93.88
9
A
3
3
0
0 1 0
161112-3,5_(Skrå,inndeling)
#nylinje
2
41.85
99.5
9
A
2
3
0
0 0 0
161271-1,3
#nylinje
1
38.9
99.5
9
A
2
3
0
0 0 0
161271-4
#nylinje
3
38.9
39.5
9
A
2
2
0
0 0 0
161315-1
#nylinje
5
129.4
129.5
9
A
4
4
0
0 0 0
161315-3
#nylinje
2
58.4
122.6
9
A
2
4
0
0 0 0
161315-5,7
#nylinje
3
68.9
89.5
9
A
2
3
0
0 0 0
161315-8
#nylinje
2
68.9
39.5
9
A
3
2
0
0 0 0
161315-10
#nylinje
2
58.9
79.5
9
A
2
3
0
0 0 0
161315-12
#andre ting
0
1
2
0
