#kundeinfo
25 10 2010
002
161345,161445
43
#nylinje
3
159.4
169.5
9
B
4
4
0
0 0 0
161345-1
#nylinje
5
88.9
99.5
9
G
2
3
0
0 0 0
161345-6
#nylinje
2
88.9
119.5
9
G
2
3
0
0 0 0
161345-8
#nylinje
4
28.8
119.5
9
A
1
3
0
0 0 0
161345-10
#nylinje
1
75.3
117.6
9
A
2
3
0
0 0 0
161345-12
#nylinje
3
99.4
169.5
9
I
2
3
0
0 0 0
161445-7
#nylinje
3
99.4
169.5
9
I
2
3
0
0 0 0
161445-16
#nylinje
3
39.4
169.5
9
I
1
3
0
0 0 0
161445-17
#nylinje
1
75.3
162.6
9
I
2
3
0
0 1 0
161445-19_(Inndeling)
#nylinje
1
88.9
29.5
9
I
2
1
0
0 0 0
161445-32
#nylinje
1
99.4
94.88
9
I
2
1
0
0 0 0
161445-36_(Skrå)
#nylinje
1
75.3
92.6
9
D
2
2
0
0 1 0
161445-34_(Inndeling)
#nylinje
1
99.4
94.88
9
I
2
1
0
0 0 0
161445-38_(Skrå)
#andre ting
0
1
2
0
