#kundeinfo
11 10 2010
002
239,689,862
41
#nylinje
2
41.95
99.5
9
A
1
3
0
0 0 0
160239-1,3
#nylinje
3
49.63
99.5
9
A
1
3
0
0 0 0
160239-4,6,8
#nylinje
1
59.4
59.5
9
A
2
2
0
0 0 0
160242-1
#nylinje
2
48.9
49.5
9
A
2
2
0
0 0 0
160331-1
#nylinje
4
26.85
89.5
9
A
1
2
0
0 0 0
160689-20
#nylinje
2
58.9
59.5
9
A
2
2
0
0 0 0
160689-21,32
#nylinje
1
65.3
99.3
9
A
2
2
0
0 0 0
160705-1
#nylinje
2
68.9
89.5
9
H
2
2
0
0 1 0
160862-1_(Inndeling)
#nylinje
3
79.4
99.5
9
H
2
2
0
0 1 0
160862-3_(Inndeling)
#nylinje
3
79.4
49.5
9
A
4
2
0
0 0 0
160862-5
#nylinje
1
41.95
99.5
9
A
1
2
0
0 0 0
160689-9
#nylinje
2
98.9
39.5
9
A
2
1
0
0 0 0
160689-11
#nylinje
1
65.3
132.6
9
A
2
3
0
0 0 0
160689-13
#nylinje
1
55.3
132.6
9
A
2
3
0
0 0 0
160689-15
#nylinje
2
79.4
139.5
9
A
2
3
0
0 0 0
160689-17
#nylinje
1
38.9
89.5
9
A
1
2
0
0 0 0
160689-18
#nylinje
4
26.85
89.5
9
A
1
2
0
0 0 0
160689-19
#andre ting
0
1
2
0
