#kundeinfo
18 10 2010
002
161358,161460,161755
42
#nylinje
1
68.9
89.5
9
A
2
3
0
0 0 0
161358-3
#nylinje
1
58.9
59.5
9
A
2
2
0
0 0 0
161358-5
#nylinje
4
98.9
89.5
9
B
4
3
0
0 0 0
161358-9,10,10,10
#nylinje
4
98.9
119.5
9
B
4
4
0
0 0 0
161358-11
#nylinje
2
58.4
117.6
9
A
2
4
0
0 0 0
161358-13,15
#nylinje
6
38.9
89.5
9
A
2
3
0
0 0 0
161358-22,24
#nylinje
2
58.4
117.6
9
A
2
4
0
0 0 0
161460-10,12
#nylinje
6
52.45
129.5
9
A
2
4
0
0 0 0
161460-17,19
#nylinje
3
98.9
109.5
9
A
2
2
0
0 0 0
161755-1
#nylinje
4
78.9
79.5
9
A
2
2
0
0 0 0
161755-3
#nylinje
6
51.15
99.5
9
A
2
3
0
0 0 0
161769-1,3
#nylinje
4
68.9
119.5
9
A
2
3
0
0 0 0
161769-11
#nylinje
2
46.95
99.5
9
A
2
3
0
0 0 0
161827-5,6
#andre ting
0
1
2
0
