#kundeinfo
26 02 2009
036
_
10
#nylinje
1
59.6
48.6
3
A
2
2
0
0 0 0
08-1/41
#nylinje
1
158.4
158.8
3
O
3
2
0
1 0 0
08-2/2
#nylinje
1
89.6
138.6
3
B
4
4
0
1 0 0
08-3/5
#nylinje
2
98.4
148.8
3
B
4
4
0
1 0 0
08-3/6
#nylinje
1
67.6
138.6
3
B
4
4
0
1 0 0
08-3/7
#nylinje
1
69.6
104.8
3
G
2
3
0
1 0 0
09-3/17
#nylinje
2
79.6
118.6
3
G
2
3
0
1 0 0
09-3/18
#nylinje
3
30.9
31.5
3
A
2
2
0
0 0 0
09-3/24
#nylinje
2
28.1
31.5
3
A
2
2
0
0 0 0
09-3/25
#nylinje
4
28.1
28.1
3
A
2
2
0
0 0 0
09-3/26
#nylinje
2
79.6
98.6
3
I
2
2
0
0 0 0
825309
#nylinje
2
39.6
98.6
3
I
1
2
0
0 0 0
825309
#andre ting
0
1
0
1
