#kundeinfo
16 02 2009
002
137891
10
#nylinje
2
108.1
138.4
9
A
2
3
0
0 0 0
137891-1
#nylinje
1
98.4
28.3
9
A
2
1
0
0 0 0
137891-3
#nylinje
1
58.4
88.3
9
A
2
2
0
0 0 0
137891-5
#nylinje
1
55
87.3
9
A
2
2
0
0 0 0
137891-7
#nylinje
2
68.4
28.3
9
A
2
1
0
0 0 0
137891-9
#nylinje
1
98.4
28.3
9
A
2
1
0
0 0 0
137891-11
#nylinje
1
98.4
38.3
9
A
2
1
0
0 0 0
137891-12
#nylinje
4
98.4
88.3
9
A
2
2
0
0 0 0
137891-14,16
#nylinje
1
48.1
138.4
9
A
1
3
0
0 0 0
137891-17
#nylinje
1
108.1
168.4
9
A
2
3
0
0 0 0
137891-19
#nylinje
4
78.1
168.4
9
A
2
3
0
0 0 0
137891-21
#nylinje
2
78.1
72.35
9
A
2
1
0
0 0 0
137891-23,25_(Skrå)
#nylinje
2
78.1
123.55
9
A
2
2
0
0 1 0
137891-27,29_(Skrå,_inndeling)
#nylinje
1
55
87.3
9
A
2
2
0
0 0 0
137891-31
#andre ting
0
1
2
0
