#kundeinfo
12 02 2009
036
07-4
8
#nylinje
5
88.4
38.4
3
D
2
1
0
0 0 0
07-4/10
#nylinje
6
79.6
98.6
3
G
2
3
0
1 0 0
07-4/11
#nylinje
1
188.4
108.4
3
D
4
2
0
0 0 0
07-4/21
#nylinje
1
89.6
78.6
3
D
2
2
0
0 0 0
07-4/24
#nylinje
2
39.6
98.6
3
D
1
2
0
0 0 0
07-4/25
#nylinje
2
62.6
128.6
3
D
2
2
0
0 0 0
07-4/26
#nylinje
4
89.6
98.6
3
D
2
2
0
0 0 0
07-4/3
#nylinje
2
79.6
88.6
3
D
2
2
0
0 0 0
07-4/4
#nylinje
4
89.6
86
3
D
2
2
0
0 0 0
07-4/7
#nylinje
1
69.6
98.6
3
D
2
2
0
0 0 0
07-4/8
#nylinje
2
39.6
98.6
3
D
1
2
0
0 0 0
07-4/9
#nylinje
3
89.6
88.6
3
D
2
2
0
0 0 0
07-4/10
#andre ting
0
1
0
1
