#kundeinfo
17 09 2002
002
20463
38
#nylinje
1
38.3
98.6
3
A
1
3
0
0
 20463-24
#nylinje
1
28.3
88.6
3
A
1
3
0
0
 20463-22
#nylinje
1
38.3
138.6
3
A
1
4
0
0
 20463-23
#nylinje
5
78.4
38.2
3
G
1
2
0
0
 20463-3
#nylinje
2
87.9
88
3
G
2
2
0
0
 20463-15
#nylinje
31
78.3
98.6
3
G
2
3
0
0
 20463-1
#nylinje
2
78.3
98.6
3
G
2
3
0
0
 20463-32
#nylinje
3
78.3
88.6
3
G
2
3
0
0
 20463-10
#nylinje
1
74.8
96.7
3
G
2
3
0
0
 20463-6
#nylinje
3
74.8
96.7
3
G
2
3
0
0
 20463-7
#nylinje
4
47.9
108
3
G
2
3
0
0
 20463-8
#nylinje
10
87.9
148
3
G
2
4
0
0
 20463-2
#nylinje
5
78.3
138.6
3
G
2
4
0
0
 20463-13
#nylinje
5
74.8
141.8
3
G
2
4
0
0
 20463-4
#nylinje
4
74.8
141.8
3
G
2
4
0
0
 20463-5
#nylinje
1
58.3
138.6
3
G
2
4
0
0
 20463-30
#andre ting
1
0
0
1
