#kundeinfo
24 09 2002
002
21149,20465,20490
39
#nylinje
2
38.3
138.6
3
D
1
2
0
0
 21149-8
#nylinje
2
37.9
118
3
D
1
2
0
0
 21149-2
#nylinje
1
87.9
48
3
D
2
1
0
0
 21149-10
#nylinje
3
87.9
148
3
D
2
2
0
0
 21149-7
#nylinje
4
78.4
108.2
3
D
2
2
0
0
 21149-1
#nylinje
3
78.3
108.6
3
D
2
2
0
0
 21149-9
#nylinje
4
78.3
108.6
3
D
2
2
0
0
 21149-17
#nylinje
1
74.8
106.7
3
D
2
2
0
0
 21149-12
#nylinje
2
137.9
148
3
D
3
2
0
0
 21149-6
#nylinje
1
128.3
138.6
3
D
3
2
0
0
 21149-16
#nylinje
2
38.3
98.6
3
H
1
2
0
0
 20465-1,4*
#nylinje
4
88.3
98.6
3
H
2
2
0
0
 20465-3*
#nylinje
2
87.9
138
3
H
2
2
0
0
 20465-7*
#nylinje
1
78.3
98.6
3
H
2
2
0
0
 20465-5*
#nylinje
1
74.8
131.8
3
H
2
2
0
0
 20465-6*
#nylinje
2
128.3
98.6
3
I
2
2
0
0
 20490-1
#andre ting
1
0
0
1
