#kundeinfo
09 09 2002
002
21153,21156
37
#nylinje
1
68.4
88.2
3
A
2
3
0
0
 21156-5
#nylinje
1
58.4
88.2
3
A
2
3
0
0
 21156-11
#nylinje
2
54.8
86.7
3
A
2
3
0
0
 21156-7,8
#nylinje
4
41.5
88.2
3
A
2
3
0
0
 21156-6
#nylinje
3
38.4
88.2
3
A
2
3
0
0
 21156-3,4,4
#nylinje
2
58.4
58.2
3
A
3
2
0
0
 21156-1,2
#nylinje
1
64.8
103.3
3
A
2
2
0
0
 19392-1
#nylinje
1
64.8
116.7
3
I
1
2
0
0
 21153-9
#nylinje
2
98.3
118.6
3
I
2
2
0
0
 21153-4
#nylinje
4
98.3
98.6
3
I
2
2
0
0
 21153-1
#nylinje
2
98.3
98.6
3
I
2
2
0
0
 21153-6
#nylinje
2
78.3
118.6
3
I
2
2
0
0
 21153-5
#nylinje
1
78.3
78.6
3
I
2
2
0
0
 21153-11
#nylinje
1
68.3
68.6
3
I
2
2
0
0
 21153-12
#nylinje
2
87.9
148
3
A
3
4
0
0
 20455
#nylinje
6
83.9
139.6
3
A
1
3
0
0
 21157
#andre ting
1
0
0
1
