#kundeinfo
30 09 2002
002
_
40
#nylinje
2
68.3
98.6
3
A
2
3
0
0
 20495-1
#nylinje
2
58.1
141.8
3
A
2
4
0
0
 20527-2
#nylinje
1
54.8
141.8
3
A
2
4
0
0
 20527-3
#nylinje
2
48.1
141.8
3
A
2
4
0
0
 20527-1
#nylinje
1
77.9
48
3
A
2
2
0
0
 20559-13*
#nylinje
1
118.3
98.6
3
A
2
3
0
0
 20559-8
#nylinje
2
107.9
128
3
A
2
3
0
0
 20559-2
#nylinje
2
98.3
118.6
3
A
2
3
0
0
 20559-4
#nylinje
3
98.3
108.6
3
A
2
3
0
0
 20559-9
#nylinje
2
98.3
108.6
3
A
2
3
0
0
 20559-11
#nylinje
1
77.9
98
3
A
2
3
0
0
 20559-12
#nylinje
1
68.3
108.6
3
A
2
3
0
0
 20559-10
#nylinje
2
68.3
98.6
3
A
2
3
0
0
 20559-1,5
#nylinje
2
68.3
88.6
3
A
2
3
0
0
 20559-7
#nylinje
1
64.8
96.7
3
A
2
3
0
0
 20559-6
#nylinje
2
53.1
121.8
3
A
2
3
0
0
 20559-3
#nylinje
1
67.9
149.1
3
I
2
4
0
0
 19445-1
#nylinje
1
64.8
161.8
3
A
2
4
0
0
 20546-1
#andre ting
1
0
2
0
