#kundeinfo
13 09 2002
002
21182,21184
38
#nylinje
1
18.4
88.2
3
A
1
3
0
0
 21182-5
#nylinje
2
38.4
38.2
3
A
2
2
0
0
 21182-4
#nylinje
2
107.9
138
3
A
2
3
0
0
 21182-10
#nylinje
1
78.4
78.2
3
A
2
3
0
0
 21182-9
#nylinje
1
68.4
88.2
3
A
2
3
0
0
 21182-6
#nylinje
2
58.4
58.2
3
A
2
3
0
0
 21182-1
#nylinje
1
58.4
58.2
3
A
2
3
0
0
 21182-2
#nylinje
1
54.8
76.7
3
A
2
3
0
0
 21182-11
#nylinje
1
54.8
56.7
3
A
2
3
0
0
 21182-3
#nylinje
3
98.4
38.2
3
A
3
2
0
0
 21182-7,8,8
#nylinje
1
18.4
88.2
3
A
1
3
0
0
 21184-5
#nylinje
2
38.4
38.2
3
A
2
2
0
0
 21184-4
#nylinje
2
107.9
138
3
A
2
3
0
0
 21184-10
#nylinje
1
78.4
78.2
3
A
2
3
0
0
 21184-9
#nylinje
1
68.4
88.2
3
A
2
3
0
0
 21184-6
#nylinje
3
58.4
58.2
3
A
2
3
0
0
 21184-1,2,2
#nylinje
1
54.8
76.7
3
A
2
3
0
0
 21184-11
#nylinje
1
54.8
56.7
3
A
2
3
0
0
 21184-3
#nylinje
3
98.4
38.2
3
A
3
2
0
0
 21184-7,8,8
#andre ting
1
0
0
1
