#kundeinfo
09 09 2002
002
20411,19385
37
#nylinje
4
47.9
108
3
A
1
2
0
0
 20411-9*
#nylinje
2
38.3
98.6
3
A
1
2
0
0
 20411-2*
#nylinje
18
78.3
98.6
3
A
2
2
0
0
 20411-1*
#nylinje
8
87.9
158
3
A
2
3
0
0
 20411-4*
#nylinje
4
74.8
151.8
3
A
2
3
0
0
 20411-5*
#nylinje
1
64.8
138.3
3
A
3
4
0
0
 19388-1
#nylinje
1
47.9
48
3
A
2
2
0
0
 19385-5
#nylinje
4
45.9
31.8
3
A
2
2
0
0
 19385-3
#nylinje
2
45.8
31.8
3
A
2
2
0
0
 19385-3
#nylinje
12
31.5
31.8
3
A
2
2
0
0
 19385-1
#nylinje
6
29.2
31.8
3
A
2
2
0
0
 19385-2
#nylinje
8
31.5
78.2
3
A
2
3
0
0
 19385-9
#nylinje
1
98.3
38.6
3
A
3
2
0
0
 19385-6
#nylinje
2
87.9
48
3
A
3
2
0
0
 19385-4
#nylinje
1
167.9
108
3
A
6
4
0
0
 21123-6**
#nylinje
1
53.4
53.2
3
G
2
2
0
0
 21123-5
#nylinje
1
101.5
91.5
3
B
4
3
0
0
 21123-2*
#nylinje
2
78.4
78.2
3
B
4
3
0
0
 21123-3,4
#nylinje
1
68.4
78.2
3
B
4
3
0
0
 21123-1*
#andre ting
1
0
2
0
