#kundeinfo
13 10 2003
002
123836,123799
43
#nylinje
1
64.8
86.7
3
I
2
2
0
0
 123836-9
#nylinje
1
64.8
96.7
3
I
2
2
0
0
 123836-8
#nylinje
2
77.9
108.1
3
I
2
2
0
0
 123836-7
#nylinje
2
67.9
108.1
3
I
2
2
0
0
 123836-6
#nylinje
1
78.2
88.6
3
I
2
2
0
0
 123836-5
#nylinje
2
78.2
78.6
3
I
2
2
0
0
 123836-4
#nylinje
1
68.2
98.6
3
I
2
2
0
0
 123836-3
#nylinje
2
38.2
98.6
3
I
2
2
0
0
 123836-2
#nylinje
2
98.2
38.6
3
I
2
2
0
0
 123836-1
#nylinje
4
63
141.8
3
A
2
4
0
0
 123799-3 (Dør)
#nylinje
4
88.2
98.6
3
A
3
2
0
0
 123799-2
#nylinje
6
88.2
68.6
3
A
3
2
0
0
 123799-1
#andre ting
1
0
2
0
