#kundeinfo
16 10 2003
002
124248,124217
43
#nylinje
3
107.9
168.1
3
A
2
3
0
0
 124248-14
#nylinje
2
47.9
168.1
3
A
2
3
0
0
 124248-13
#nylinje
2
98.2
88
3
A
2
2
0
0
 124248-12
#nylinje
3
68.2
88
3
A
2
2
0
0
 124248-9,10,11
#nylinje
2
68.2
88
3
A
2
2
0
0
 124248-8
#nylinje
3
68.2
88
3
A
2
2
0
0
 124248-7
#nylinje
1
38.2
88
3
A
2
2
0
0
 124248-6
#nylinje
2
68.2
88
3
A
2
2
0
0
 124248-4,5
#nylinje
1
54.8
86.7
3
A
2
2
0
0
 124248-3 (Dør)
#nylinje
2
38.2
88
3
A
2
2
0
0
 124248-1,2 (Lukke)
#nylinje
1
74.8
136.7
3
A
2
4
0
0
 124217-2 (Dør)
#nylinje
2
58.2
138
3
A
2
4
0
0
 124217-1 (Lukke)
#nylinje
1
88.2
58
3
A
3
3
0
0
 124220-1
#andre ting
1
0
0
1
