#kundeinfo
13 10 2003
002
123953
43
#nylinje
2
44.8
86.7
3
A
2
2
0
0
 123953-13,14 (Dør)
#nylinje
1
64.8
161.8
3
A
2
3
0
0
 123953-12 (Dør)
#nylinje
2
87.9
198.1
3
A
2
4
0
0
 123953-11
#nylinje
3
107.9
168.1
3
A
2
3
0
0
 123953-10 (Fast)
#nylinje
1
68.2
88
3
A
2
2
0
0
 123953-9 (Glide)
#nylinje
3
68.2
88
3
A
2
2
0
0
 123953-8
#nylinje
4
68.2
88
3
A
2
2
0
0
 123953-7
#nylinje
1
68.2
88
3
A
2
2
0
0
 123953-6
#nylinje
1
54.8
86.7
3
A
2
2
0
0
 123953-5 (Dør)
#nylinje
2
58.2
88
3
A
2
2
0
0
 123953-3,4
#nylinje
2
68.2
88
3
A
2
2
0
0
 123953-1,2
#andre ting
1
0
2
0
