#kundeinfo
13 10 2003
002
123968
43
#nylinje
2
48
138.3
3
A
1
2
0
0
 123968-15
#nylinje
1
57.9
189.6
3
A
1
3
0
0
 123968-14 (Løse Pinner)
#nylinje
2
48
138.3
3
A
1
2
0
0
 123968-13
#nylinje
1
50.8
80.5
3
A
1
2
0
0
 123968-11 (Glide)
#nylinje
1
123
90.7
3
A
2
2
0
0
 123968-11 (Fast)
#nylinje
1
189.4
93.3
3
A
3
2
0
0
 123968-11
#nylinje
1
189.4
189.6
3
A
3
3
0
0
 123968-10
#nylinje
4
118.2
48
3
A
2
1
0
0
 123968-8
#nylinje
4
44.2
118
3
A
1
2
0
0
 123968-3,4
#nylinje
2
41.3
98
3
A
1
2
0
0
 123968-2
#nylinje
10
51.3
118
3
A
1
2
0
0
 123968-1
#andre ting
1
0
2
0
