#kundeinfo
05 07 2007
002
113779,113812
31
#nylinje
2
38.4
88.3
9
A
2
2
0
0 0 0
113779-1,3
#nylinje
2
68.4
88.3
9
A
2
2
0
0 0 0
113779-4,6
#nylinje
1
55
87.2
9
A
2
2
0
0 0 0
113779-7
#nylinje
1
38.4
38.3
9
A
2
2
0
0 0 0
113779-9
#nylinje
1
38.4
88.3
9
A
2
2
0
0 0 0
113779-11
#nylinje
1
58.4
88.3
9
A
2
2
0
0 0 0
113779-12
#nylinje
7
68.4
88.3
9
A
2
2
0
0 0 0
113779-14,14,14,14,14,15,15
#nylinje
2
48.1
168.4
9
A
2
3
0
0 0 0
113779-16
#nylinje
2
108.1
168.4
9
A
2
3
0
0 0 0
113779-18
#nylinje
1
188.1
48.4
9
A
3
1
0
0 0 0
113779-20
#nylinje
2
98.1
335.7
9
A
2
5
0
0 0 0
113779-22,24_(Skrå)
#nylinje
2
48.1
266
9
A
1
4
0
0 1 0
113779-26,28_(Skrå)
#nylinje
2
58.4
78.3
9
A
2
3
0
0 0 0
113812-1,3
#nylinje
3
38.4
88.3
9
A
2
3
0
0 0 0
113812-4
#nylinje
1
58.4
88.3
9
A
2
3
0
0 0 0
113812-6
#nylinje
1
68.4
88.3
9
A
2
3
0
0 0 0
113812-8
#nylinje
4
41.5
88.3
9
A
2
3
0
0 0 0
113812-10,12
#nylinje
2
55
87.2
9
A
2
3
0
0 0 0
113812-13,15
#nylinje
6
84.1
134
9
A
1
3
0
0 0 0
113812-16,18,19,20,21,22
#andre ting
0
1
2
0
