#kundeinfo
05 07 2007
002
114075,114078,114156
31
#nylinje
1
30.9
126.8
9
A
2
3
0
0 0 0
113937-1_(Hengsler)
#nylinje
1
38.4
98.3
9
A
2
3
0
0 0 0
114075-3
#nylinje
3
39.2
98.3
9
A
2
3
0
0 0 0
114075-5,7,8
#nylinje
1
48.4
68.3
9
A
2
3
0
0 0 0
114075-9
#nylinje
1
28.4
38.3
9
A
2
2
0
0 0 0
114075-11
#nylinje
12
36.5
98.3
9
A
2
3
0
0 0 0
114075-17,19
#nylinje
1
38.4
98.3
9
A
2
3
0
0 0 0
114075-28
#nylinje
1
48.4
68.3
9
A
2
3
0
0 0 0
114075-29
#nylinje
1
65
97.2
9
A
2
3
0
0 0 0
114075-30
#nylinje
1
78.4
98.9
9
B
4
3
0
0 0 0
114078-1
#nylinje
4
36.5
36.3
9
A
2
2
0
0 0 0
114078-2,3
#nylinje
1
78.4
38.9
9
A
2
2
0
0 0 0
114156-1
#nylinje
1
75
101
9
A
2
2
0
0 0 0
114156-3
#nylinje
6
38.1
128.4
9
A
2
3
0
0 0 0
114156-8
#nylinje
1
38.1
108.4
9
A
2
2
0
0 0 0
114156-12
#nylinje
1
88.1
128.4
9
A
2
3
0
0 0 0
114156-16
#nylinje
3
78.4
88.9
9
A
2
2
0
0 0 0
114156-19
#nylinje
2
48.2
48.2
9
A
2
2
0
0 0 0
114156-320_(Plugges_t_h)
#nylinje
1
65
91
9
A
2
2
0
0 0 0
114156-21
#nylinje
5
78.4
38.3
9
A
2
2
0
0 0 0
114156-29
#nylinje
4
58.4
118.9
9
A
2
3
0
0 0 0
114156-42
#nylinje
2
88.1
108.4
9
A
2
3
0
0 0 0
114156-45
#nylinje
1
38.4
68.3
9
A
2
2
0
0 0 0
114156-47
#andre ting
0
1
2
0
