#kundeinfo
05 07 2007
002
112624,113718,113412
31
#nylinje
4
58.4
88.3
9
A
2
2
0
0 0 0
112624-1,3
#nylinje
1
18.4
78.3
9
A
1
2
0
0 0 0
112624-4
#nylinje
2
38.4
88.3
9
A
2
2
0
0 0 0
112624-6
#nylinje
3
78.4
88.3
9
A
2
2
0
0 0 0
112624-8,8,10
#nylinje
2
88.4
78.3
9
A
2
2
0
0 0 0
112624-17
#nylinje
2
98.4
38.3
9
A
2
1
0
0 0 0
112624-11
#nylinje
3
88.1
128.4
9
A
2
3
0
0 0 0
112624-13
#nylinje
1
55
77.2
9
A
2
2
0
0 0 0
112624-15
#nylinje
1
65
87.2
9
I
2
2
0
0 0 0
113412-1
#nylinje
2
58.4
58.3
9
A
3
2
0
0 0 0
113718-1,3
#nylinje
2
38.4
38.3
9
A
2
2
0
0 0 0
113718-4
#nylinje
2
58.4
88.3
9
A
3
3
0
0 0 0
113718-6,8
#nylinje
1
18.4
88.3
9
A
2
3
0
0 0 0
113718-9
#nylinje
3
88.4
88.3
9
A
4
3
0
0 0 0
113718-11
#nylinje
4
98.4
88.3
9
A
4
3
0
0 0 0
113718-13
#nylinje
1
55
87.2
9
A
2
3
0
0 0 0
113718-15
#andre ting
0
1
2
0
