#kundeinfo
13 12 2006
002
105112,105122
01
#nylinje
2
98.4
58.3
9
G
2
2
0
0 0 0
105112-1
#nylinje
1
98.4
38.3
9
G
2
2
0
0 0 0
105112-2
#nylinje
1
98.4
98.9
9
G
2
2
0
0 0 0
105112-3
#nylinje
2
68.1
198.4
9
G
2
4
0
0 0 0
105112-4
#nylinje
1
75
97.2
9
G
2
2
0
0 0 0
105112-5
#nylinje
3
98.4
138.9
9
G
2
3
0
0 0 0
105112-6
#nylinje
4
108.1
148.4
9
G
2
3
0
0 0 0
105112-7
#nylinje
4
28.4
138.9
9
A
1
3
0
0 0 0
105112-8_(Glide)
#nylinje
4
53.1
137.2
9
A
1
3
0
0 1 0
105112-9,10_(Dør)
#nylinje
3
28.4
58.9
9
A
2
2
0
0 0 0
105112-11
#nylinje
1
38.4
98.9
9
A
1
2
0
0 0 0
105112-12
#nylinje
4
98.4
118.9
9
G
2
3
0
0 0 0
105112-13
#nylinje
1
98.4
98.9
9
G
2
2
0
0 0 0
105112-26
#nylinje
2
26.5
35.3
9
A
2
2
0
0 0 0
105122-1
#nylinje
2
26.5
35.3
9
A
2
2
0
0 0 0
105122-3
#nylinje
2
34.8
33.6
9
A
2
2
0
0 0 0
105122-4,6
#andre ting
0
1
2
0
