#kundeinfo
15 12 2006
002
105255,105422
01
#nylinje
1
65
87.2
9
A
3
3
0
0 0 0
105225-1
#nylinje
3
88.4
38.3
9
A
3
2
0
0 0 0
105225-3
#nylinje
2
65
97.2
9
A
3
3
0
0 1 0
105225-5,7_(Dør)
#nylinje
1
68.4
68.9
9
A
3
3
0
0 0 0
105255-8
#nylinje
2
108.4
98.9
9
A
4
3
0
0 0 0
105255-10_(Glide)
#nylinje
4
98.1
148.4
9
H
2
2
0
0 0 0
105422-1_(Fast)
#nylinje
2
75
143.6
9
H
2
2
0
0 1 0
105422-3,5_(Dør)
#nylinje
2
88.4
98.9
9
H
2
2
0
0 0 0
105422-6
#nylinje
2
58.4
18.9
9
A
2
1
0
0 0 0
105422-8
#nylinje
2
68.4
98.9
9
H
2
2
0
0 0 0
105422-10
#nylinje
2
88.4
118.9
9
H
2
2
0
0 0 0
105422-12
#nylinje
4
88.4
108.9
9
H
2
2
0
0 0 0
105422-14
#andre ting
0
1
2
0
