#kundeinfo
25 10 2002
002
21339,20643
44
#nylinje
2
27.9
98
3
A
1
3
0
0
 20643-3
#nylinje
4
37.9
98
3
A
2
3
0
0
 20643-2
#nylinje
1
77.9
98
3
B
4
3
0
0
 20643-1
#nylinje
2
53.1
141.8
3
D
2
2
0
0
 20639-1** (SE BAK)
#nylinje
2
78.4
78.2
3
A
2
2
0
0
 21339-3
#nylinje
3
68.4
78.2
3
A
2
2
0
0
 21339-1
#nylinje
1
67.9
50.6
3
A
2
2
0
0
 21339-6
#nylinje
1
64.8
76.7
3
A
2
2
0
0
 21339-10
#nylinje
3
58.4
78.2
3
A
2
2
0
0
 21339-2
#nylinje
1
58.4
61.8
3
A
2
2
0
0
 21339-6
#nylinje
4
87.9
138
3
A
2
3
0
0
 21339-4
#andre ting
1
0
0
1
