#kundeinfo
30 11 2009
002
149041,149346,149582
50
#nylinje
20
31.85
99.5
9
A
1
3
0
0 0 0
149041-1,3
#nylinje
6
31.85
59.5
9
A
1
2
0
0 0 0
149041-4,5
#nylinje
2
68.9
69.5
9
A
2
2
0
0 0 0
149068-1
#nylinje
8
109.4
139.5
9
A
3
3
0
0 0 0
149346-1
#nylinje
1
65.3
132.6
9
A
2
3
0
0 0 0
149346-3
#nylinje
5
58.9
79.5
9
A
2
3
0
0 0 0
149346-5
#nylinje
3
38.9
39.5
9
A
2
2
0
0 0 0
149346-7
#nylinje
2
88.9
99.5
9
A
2
3
0
0 0 0
149582-1
#nylinje
1
75.3
122.5
9
A
2
3
0
0 1 0
149582-3_(Inndeling)
#nylinje
2
98.9
99.5
9
A
2
3
0
0 0 0
149582-5
#nylinje
1
109.4
129.5
9
A
2
3
0
0 0 0
149582-7
#andre ting
0
1
2
0
