#kundeinfo
30 11 2009
002
148736,148965,148969,148999
49
#nylinje
6
88.9
89.5
9
B
4
3
0
0 0 0
148736-21_(80mm)
#nylinje
3
99.4
129.5
9
B
4
4
0
0 0 0
148736-23_(80mm)
#nylinje
1
58.9
89.5
9
A
2
3
0
0 0 0
148736-25
#nylinje
1
55.3
122.6
9
A
2
4
0
0 1 0
148736-27_(Inndeling)
#nylinje
4
88.9
109.5
9
B
4
4
0
0 0 0
148786-1_(80mm)
#nylinje
2
58.9
79.5
9
A
3
3
0
0 0 0
148786-3
#nylinje
1
65.3
107.6
9
A
3
4
0
0 0 0
148786-5
#nylinje
1
58.9
59.5
9
A
2
2
0
0 0 0
148965-1
#nylinje
5
68.9
69.5
9
A
2
2
0
0 0 0
148965-3
#nylinje
2
65.3
102.6
9
A
2
3
0
0 0 0
148965-5,7
#nylinje
1
68.9
99.5
9
I
2
2
0
0 0 0
148969-1
#nylinje
4
48.9
119.5
9
A
1
3
0
0 0 0
148999-1
#nylinje
6
88.9
99.5
9
A
2
3
0
0 0 0
148999-5
#nylinje
1
36.85
96.58
9
A
1
3
0
0 0 0
149049-1_(Skrå)
#andre ting
0
1
2
0
