#kundeinfo
09 11 2009
002
147900
47
#nylinje
10
88.9
99.5
9
G
2
3
0
0 0 0
147900-1
#nylinje
4
88.9
79.5
9
G
2
3
0
0 0 0
147900-19
#nylinje
2
78.9
79.5
9
G
2
3
0
0 0 0
147900-3
#nylinje
2
78.9
19.5
9
I
2
1
0
0 0 0
147900-5
#nylinje
2
58.9
99.5
9
G
2
3
0
0 0 0
147900-7
#nylinje
2
39.4
109.5
9
A
1
3
0
0 0 0
147900-11
#nylinje
2
88.9
39.5
9
A
3
2
0
0 0 0
147900-23
#nylinje
1
75.3
102.6
9
G
2
3
0
0 1 0
147900-13_(Inndeling)
#nylinje
4
53.4
137.6
9
G
2
4
0
0 0 0
147900-15,17
#nylinje
6
99.4
149.5
9
G
2
4
0
0 0 0
147900-34
#andre ting
0
1
2
0
