#kundeinfo
05 11 2009
002
144818
48
#nylinje
8
36.95
158.8
9
A
2
4
0
0 0 0
144818-1,3
#nylinje
2
53.5
156.7
9
A
2
4
0
0 1 0
144818-4,6_(Inndeling)
#nylinje
8
31.95
158.8
9
A
1
3
0
0 0 0
144818-7,9
#nylinje
1
69
158.8
9
A
2
3
0
0 0 0
144818-15
#nylinje
1
65.4
156.7
9
A
2
4
0
0 1 0
144818-17_(Inndeling)
#nylinje
3
39
98.8
9
A
1
2
0
0 0 0
144818-21,31,77
#nylinje
6
28.9
88.8
9
A
1
2
0
0 0 0
144818-25,76,82,82,84,84
#nylinje
1
75.4
86.7
9
A
2
2
0
0 1 0
144818-32_(Inndeling)
#nylinje
1
65.4
86.7
9
A
2
2
0
0 1 0
144818-38_(Inndeling)
#nylinje
2
61.4
171.4
9
A
2
3
0
0 0 0
144818-71
#nylinje
3
71.4
171.4
9
A
2
3
0
0 0 0
144818-73
#nylinje
2
31.4
111.4
9
A
1
2
0
0 0 0
144818-80
#nylinje
2
69
88.8
9
A
2
2
0
0 0 0
144818-85
#andre ting
0
1
2
0
