#kundeinfo
18 11 2009
002
148481,519,561,539,646,764,776
48
#nylinje
4
38.9
49.5
9
A
2
2
0
0 0 0
148481-1
#nylinje
2
118.9
126.5
9
B
4
4
0
0 0 0
148519-1_(80mm)
#nylinje
2
74.9
96.5
9
G
2
3
0
0 0 0
148519-3_(80mm)
#nylinje
1
28.8
56.5
9
A
1
2
0
0 0 0
148519-5
#nylinje
2
88.9
96.5
9
B
4
3
0
0 0 0
148519-7_(80mm)
#nylinje
2
55.3
94.6
9
A
2
3
0
0 1 0
148519-9,11_(Inndeling)
#nylinje
2
48.4
127.6
9
A
2
4
0
0 0 0
148519-12,14
#nylinje
6
88.9
89.5
9
A
2
2
0
0 0 0
148561-14
#nylinje
4
78.9
29.5
9
A
2
1
0
0 0 0
148561-16
#nylinje
2
55.3
97.6
9
A
2
2
0
0 0 0
148561-18,20
#nylinje
1
128.9
99.5
9
A
3
2
0
0 0 0
148539-25
#nylinje
5
28.8
99.5
9
A
1
2
0
0 0 0
148539-27
#nylinje
1
139.4
268
9
A
3
5
0
0 0 0
148539-31_(Skrå)
#nylinje
1
39.4
169.5
9
A
1
3
0
0 0 0
148539-34
#nylinje
1
189.4
169.5
9
A
4
3
0
0 0 0
148539-36
#nylinje
2
39.4
288
9
A
1
5
0
0 0 0
148539-38,56_(Skrå)
#nylinje
1
65.3
97.6
9
A
2
2
0
0 0 0
148539-40
#nylinje
1
65.3
162.6
9
A
2
3
0
0 0 0
148539-42
#nylinje
1
45.3
97.6
9
A
2
2
0
0 0 0
148539-44
#nylinje
1
65.3
132.6
9
A
2
3
0
0 0 0
148646-1
#nylinje
1
98.9
99.5
9
E
4
3
0
0 0 0
148764-1
#nylinje
4
79.4
149.5
9
I
2
3
0
0 0 0
148776-1
#nylinje
1
65.3
142.6
9
I
2
3
0
0 1 0
148776-6_(Inndeling)
#andre ting
0
1
2
0
