#kundeinfo
09 11 2009
002
148075,148238,148491
47
#nylinje
3
88.9
99.5
9
A
2
2
0
0 0 0
148075-1
#nylinje
2
39.4
159.5
9
A
1
3
0
0 0 0
148075-3
#nylinje
2
28.8
99.5
9
A
1
2
0
0 0 0
148075-5
#nylinje
4
39.4
99.5
9
A
1
2
0
0 0 0
148075-7
#nylinje
2
68.9
89.5
9
A
2
2
0
0 0 0
148075-9
#nylinje
2
38.9
99.5
9
A
1
2
0
0 0 0
148075-11
#nylinje
4
99.4
159.5
9
A
2
3
0
0 0 0
148075-13
#nylinje
2
109.4
159.5
9
A
2
3
0
0 0 0
148075-15
#nylinje
5
69.4
159.5
9
A
2
3
0
0 0 0
148075-17
#nylinje
1
79.4
159.5
9
A
2
3
0
0 0 0
148075-19
#nylinje
1
75.3
152.4
9
A
2
3
0
0 1 0
148075-21_(Inndeling)
#nylinje
1
65.3
152.4
9
A
2
3
0
0 1 0
148075-23_(Inndeling)
#nylinje
2
53.4
152.4
9
A
2
3
0
0 0 0
148075-24,26_(Inndeling)
#nylinje
1
65.3
97.4
9
A
2
2
0
0 1 0
148075-27_(Inndeling)
#nylinje
1
75.3
97.4
9
A
2
2
0
0 1 0
148075-29_(Inndeling)
#nylinje
2
58.9
69.5
9
A
3
3
0
0 0 0
148238-1
#nylinje
4
36.85
89.5
9
I
1
3
0
0 0 0
148491-1,3
#andre ting
0
1
2
0
