#kundeinfo
18 11 2009
002
145073
47
#nylinje
8
88.9
99.5
9
A
3
3
0
0 0 0
145073-1_
#nylinje
4
88.9
59.5
9
A
3
2
0
0 0 0
145073-3
#nylinje
1
75.3
97.4
3
A
2
3
0
0 0 0
145073-5
#nylinje
5
69.4
159.5
9
I
1
3
0
0 0 0
145073-7
#nylinje
2
59.4
159.5
9
A
2
4
0
0 0 0
145073-9
#nylinje
6
88.9
99.5
9
A
3
3
0
0 0 0
145073-11
#nylinje
1
48.9
29.5
9
A
2
2
0
0 0 0
145073-12
#nylinje
4
88.9
29.5
9
A
3
2
0
0 0 0
145073-14
#nylinje
2
53.4
97.4
9
A
2
3
0
0 0 0
145073-16,18
#nylinje
1
65.3
97.4
9
A
2
3
0
0 0 0
145073-19
#nylinje
5
88.9
99.5
9
A
3
3
0
0 0 0
145073-24
#nylinje
2
58.9
99.5
9
A
2
3
0
0 0 0
145073-25
#andre ting
1
0
2
0
