#kundeinfo
24 04 2008
002
126304,126573
20
#nylinje
2
38.4
88.3
9
A
2
2
0
0 0 0
126304-1,3
#nylinje
2
58.4
88.3
9
A
2
2
0
0 0 0
126304-4,6
#nylinje
1
18.4
88.3
9
A
1
2
0
0 0 0
126304-7
#nylinje
1
38.4
88.3
9
A
2
2
0
0 0 0
126304-9
#nylinje
2
98.4
38.3
9
A
2
1
0
0 0 0
126304-10
#nylinje
5
78.4
88.3
9
A
2
2
0
0 0 0
126304-12,14,14,14,14
#nylinje
3
88.1
128.4
9
A
2
3
0
0 0 0
126304-15
#nylinje
1
55
87.3
9
A
2
2
0
0 0 0
126304-17
#nylinje
2
78.4
38.3
9
A
3
2
0
0 0 0
126573-64
#nylinje
2
78.4
48.3
9
A
3
2
0
0 0 0
126573-62
#nylinje
10
41.2
118.4
9
A
2
3
0
0 0 0
126573-3,47
#nylinje
4
41.2
118.4
9
A
2
3
0
0 0 0
126573-5,49
#nylinje
6
42.23
188.4
9
A
2
5
0
0 0 0
126573-6,52,54
#nylinje
4
48.1
48.4
9
A
2
2
0
0 0 0
573_
#nylinje
4
41.2
188.4
9
A
2
5
0
0 0 0
126573-8,56
#nylinje
20
31.5
32.3
9
A
2
2
0
0 0 0
126573-10,12,13,14,15,16
#nylinje
2
28.4
32.3
9
A
2
2
0
0 0 0
126573-17,19
#nylinje
6
53.1
171.9
9
A
2
3
0
0 0 0
126573-39,41,42,42,43,43
#andre ting
0
1
2
0
