#kundeinfo
23 04 2008
002
125431,125705,125794,125952
20
#nylinje
4
58.4
88.3
9
A
2
2
0
0 0 0
125431-1,3
#nylinje
2
38.4
88.3
9
A
2
2
0
0 0 0
125431-4
#nylinje
1
98.4
38.3
9
A
2
1
0
0 0 0
125431-6
#nylinje
9
78.4
88.3
9
A
2
2
0
0 0 0
125431-8,10,10,10,10,10,10,10,10
#nylinje
1
55
87.3
9
A
2
2
0
0 0 0
125431-11
#nylinje
2
58.4
88.3
9
A
2
2
0
0 0 0
125705-1,3
#nylinje
1
55
87.3
9
A
2
2
0
0 0 0
125705-5
#nylinje
1
58.4
88.3
9
A
2
2
0
0 0 0
125705-7
#nylinje
1
88.4
38.3
9
A
2
2
0
0 0 0
125705-8
#nylinje
2
98.4
38.3
9
A
2
2
0
0 0 0
125705-10
#nylinje
6
78.4
88.3
9
A
2
2
0
0 0 0
125705-12,14
#nylinje
3
108.1
138.4
9
A
3
3
0
0 0 0
125705-15
#nylinje
2
55
87.3
9
A
2
2
0
0 0 0
125705-17,19
#nylinje
2
88.4
38.9
9
I
2
1
0
0 0 0
125794-1
#nylinje
4
88.4
128.9
9
G
2
4
0
0 0 0
125794-7
#nylinje
4
48.1
138.4
9
A
1
4
0
0 0 0
125794-9
#nylinje
4
53.1
132.3
9
A
1
4
0
0 0 0
125794-12,14
#nylinje
1
88.4
58.9
9
G
2
2
0
0 0 0
125794-19
#nylinje
2
88.4
38.3
9
I
2
1
0
0 0 0
125794-15
#nylinje
2
88.4
98.3
9
G
2
3
0
0 0 0
125794-17
#nylinje
1
28.1
198.4
9
A
1
8
0
0 0 0
125794-21
#nylinje
4
58.4
88.3
9
A
2
2
0
0 0 0
125952-1,3
#nylinje
1
18.4
78.3
9
A
1
2
0
0 0 0
125952-4
#nylinje
2
38.4
88.3
9
A
2
2
0
0 0 0
125952-6
#nylinje
2
98.4
38.3
9
A
2
1
0
0 0 0
125952-8
#nylinje
5
78.4
88.3
9
A
2
2
0
0 0 0
125952-10,10,10,10,12
#nylinje
3
88.1
128.4
9
A
2
3
0
0 0 0
125952-13
#nylinje
1
55
87.3
9
A
2
2
0
0 0 0
125952-15
#andre ting
0
1
2
0
