#kundeinfo
08 04 2008
002
125681,125831,125909,125913
17
#nylinje
20
36.5
118.3
9
A
1
3
0
0 0 0
125681-1,3
#nylinje
3
65
117.3
9
A
2
3
0
0 0 0
125681-6,6,31
#nylinje
1
65
162.3
9
A
2
3
0
0 0 0
125681-45
#nylinje
2
38.4
68.3
9
A
1
3
0
0 0 0
125681-10
#nylinje
16
46.2
168.4
9
A
1
3
0
0 0 0
125681-33,35
#nylinje
2
48.1
186.1
9
A
1
3
0
0 0 0
125681-15
#nylinje
2
48.1
168.4
9
A
1
3
0
0 0 0
125681-51
#nylinje
2
68.3
179.7
9
A
2
3
0
0 0 0
125681-48,50
#nylinje
2
38.4
98.3
9
A
1
3
0
0 0 0
125681-40,42
#nylinje
1
65
181.9
9
A
2
4
0
0 0 0
125681-64
#nylinje
4
88.1
148.4
9
I
2
3
0
0 0 0
125831-1
#nylinje
1
58.3
142.3
9
I
2
3
0
0 0 0
125831-5
#nylinje
1
58.3
142.3
9
I
2
3
0
0 1 0
125831-7_(Inndeling)
#nylinje
1
45
87.3
9
A
2
3
0
0 0 0
125909-1
#nylinje
1
55
132.3
9
A
2
4
0
0 0 0
125909-3
#nylinje
1
65
87.3
9
A
3
3
0
0 0 0
125909-5
#nylinje
1
38.1
108.4
9
A
2
2
0
0 0 0
125995-1
#nylinje
2
48.1
142.3
9
A
2
4
0
0 0 0
126074-1,3
#nylinje
2
88.4
38.3
9
D
2
1
0
0 0 0
125913
#nylinje
2
78.4
108.3
9
D
2
2
0
0 0 0
125913
#andre ting
0
1
2
0
