#kundeinfo
24 04 2008
002
125432,126239
20
#nylinje
4
58.4
88.3
9
A
2
2
0
0 0 0
125432-1,3
#nylinje
2
38.4
88.3
9
A
2
2
0
0 0 0
125432-4
#nylinje
1
98.4
38.3
9
A
2
1
0
0 0 0
125432-6
#nylinje
9
78.4
88.3
9
A
2
2
0
0 0 0
125432-8,10,10,10,10,10,10,10,10
#nylinje
1
55
87.3
9
A
2
2
0
0 0 0
125432-11
#nylinje
2
58.4
58.3
9
A
2
2
0
0 0 0
126239-1,3
#nylinje
2
98.4
38.3
9
A
3
2
0
0 0 0
126239-4
#nylinje
2
68.4
88.3
9
A
3
3
0
0 0 0
126239-6
#nylinje
3
98.4
88.3
9
A
4
3
0
0 0 0
126239-8
#nylinje
1
168.1
108.4
9
B
4
3
0
0 0 0
126239-10
#nylinje
1
55
87.3
9
A
2
3
0
0 0 0
126239-12
#andre ting
0
1
2
0
