#kundeinfo
17 04 2008
002
126042,126168
18
#nylinje
1
88.4
98.3
9
G
2
3
0
0 0 0
126042-1
#nylinje
1
98.4
98.3
9
G
2
3
0
0 0 0
126042-3
#nylinje
1
158.1
108.4
9
G
2
3
0
0 0 0
126042-5
#nylinje
1
138.4
98.9
9
B
4
3
0
0 0 0
126126-1
#nylinje
4
88.1
48.4
9
A
2
1
0
0 0 0
126129-1
#nylinje
6
88.4
118.9
9
A
2
3
0
0 0 0
126168-1
#nylinje
2
58.1
162.3
9
A
2
4
0
0 0 0
126168-3,5
#nylinje
3
28.4
98.9
9
A
1
2
0
0 0 0
126168-6
#nylinje
1
65
97.3
9
A
2
3
0
0 0 0
126168-8
#nylinje
4
88.4
98.9
9
A
2
2
0
0 0 0
126168-10
#nylinje
1
68.4
98.9
9
A
2
3
0
0 0 0
126168-12
#nylinje
1
65
97.3
9
A
2
3
0
0 0 0
126168-14
#nylinje
2
46.2
108.4
9
A
1
3
0
0 0 0
126179-24,25
#nylinje
1
38.4
38.9
9
A
2
2
0
0 0 0
126207-11_(Hengsler)
#nylinje
2
78.4
88.9
9
H
2
2
0
0 1 0
126208-1_(Se_tegning!!_80mm)
#nylinje
1
108.4
108.9
9
H
2
2
0
0 1 0
126208-3_(Se_tegning!!_80mm)
#andre ting
0
1
2
0
