#kundeinfo
15 04 2008
002
125824
18
#nylinje
2
31.5
48.3
9
A
2
2
0
0 0 0
125824-1,3
#nylinje
8
23.9
40.2
9
A
2
2
0
0 0 0
125824-11,13,14,15
#nylinje
2
28.1
198.4
9
A
1
6
0
0 0 0
125824-16
#nylinje
4
41.5
48.3
9
A
2
2
0
0 0 0
125824-37,39
#nylinje
4
38.4
36.3
9
A
2
2
0
0 0 0
125824-40
#nylinje
18
36.5
36.3
9
A
2
2
0
0 0 0
125824-42,44
#nylinje
2
31.5
36.3
9
A
2
2
0
0 0 0
125824-46,48
#nylinje
6
36.5
36.3
9
A
2
2
0
0 0 0
125824-49,50
#nylinje
12
36.5
36.3
9
A
2
2
0
0 0 0
125824-51,52,54,55,56,57
#nylinje
9
38.4
36.3
9
A
2
2
0
0 0 0
125824-53,58,59
#nylinje
6
36.5
36.3
9
A
2
2
0
0 0 0
125824-60,61
#andre ting
0
1
2
0
