#kundeinfo
23 06 2010
036
085
26
#nylinje
5
79.6
99
3
B
4
3
0
0 0 0
085-2,3,3,3,3
#nylinje
1
76.8
99
3
G
2
3
0
0 0 0
085-4
#nylinje
5
89.6
119
3
B
4
4
0
0 0 0
085-5
#nylinje
1
66.8
119
3
G
2
4
0
0 0 0
085-6
#nylinje
4
89.6
39
3
B
4
2
0
0 0 0
085-7
#nylinje
8
79.6
99
3
B
4
3
0
0 0 0
085-8,8,8,8,8,9,9,9
#nylinje
2
39.6
99
3
A
2
3
0
0 0 0
085-10
#nylinje
9
89.6
119
3
B
4
4
0
0 0 0
085-11,12,12
#nylinje
4
38.4
129.2
3
A
2
4
0
0 0 0
085-13,13,14,14
#nylinje
1
66.8
99
3
G
2
3
0
0 0 0
085-15
#nylinje
2
56.8
124.4
3
G
2
4
0
0 0 0
085-16
#nylinje
4
89.6
119
3
B
4
4
0
0 0 0
085-18
#nylinje
3
39.6
99
3
A
2
3
0
0 0 0
085-19
#nylinje
2
38.4
129.2
9
A
2
4
0
0 0 0
085-20
#andre ting
0
1
0
1
