#kundeinfo
30 06 2010
002
156382,156417
26
#nylinje
3
38.9
79.5
9
G
2
2
0
0 0 0
156382-1,3
#nylinje
1
55.3
77.6
9
G
2
2
0
0 0 0
156382-4
#nylinje
4
68.9
89.5
9
G
2
2
0
0 0 0
156382-6,6,12,12
#nylinje
2
58.9
59.5
9
I
2
1
0
0 0 0
156382-8,10
#nylinje
5
79.4
139.5
9
G
2
3
0
0 0 0
156382-13
#nylinje
1
65.3
132.6
9
G
2
3
0
0 0 0
156382-15
#nylinje
3
68.9
89.5
9
A
2
2
0
0 0 0
156417-1,1,3
#nylinje
1
65.3
87.6
9
A
2
2
0
0 0 0
156417-4
#nylinje
3
38.9
89.5
9
A
1
2
0
0 0 0
156417-6,6,10
#nylinje
6
88.9
89.5
9
A
2
2
0
0 0 0
156417-8,8,11,11,11,11
#nylinje
4
109.4
139.5
9
A
2
3
0
0 0 0
156417-12
#nylinje
1
65.3
87.6
9
A
2
2
0
0 0 0
156417-14
#nylinje
1
65.3
132.6
9
A
2
3
0
0 0 0
156417-15
#nylinje
1
88.9
69.5
9
A
2
2
0
0 0 0
156508-1
#nylinje
2
36.85
119.5
9
I
1
2
0
0 0 0
156012-1,3
#nylinje
1
139.4
89.5
9
A
5
3
0
0 0 0
156119-1
#nylinje
6
32.87
49.5
9
A
2
2
0
0 0 0
156135-1,1,3,3,5,5
#nylinje
1
75.3
97.6
9
A
2
3
0
0 0 0
156292-8
#nylinje
1
68.9
99.2
3
A
2
3
0
0 0 0
157698
#andre ting
0
1
2
0
