#kundeinfo
18 06 2010
002
155996,155849
25
#nylinje
2
38.9
79.5
9
A
2
2
0
0 0 0
155996-1,3
#nylinje
1
55.3
87.6
9
A
2
2
0
0 0 0
155996-4
#nylinje
3
38.9
89.5
9
A
2
2
0
0 0 0
155996-6
#nylinje
2
98.9
89.5
9
B
4
2
0
0 0 0
155996-8_(80mm)
#nylinje
2
109.4
139.5
9
B
4
3
0
0 0 0
155996-10_(80mm)
#nylinje
2
29.4
139.5
9
A
1
3
0
0 0 0
155996-12
#nylinje
2
53.4
132.6
9
A
2
3
0
0 0 0
155996-14,16
#nylinje
3
58.9
59.5
9
A
2
2
0
0 0 0
155849-1,5,5
#nylinje
3
58.9
89.5
9
A
2
2
0
0 0 0
155849-3
#nylinje
2
68.9
89.5
9
A
2
2
0
0 0 0
155849-6
#nylinje
2
98.9
39.5
9
A
3
1
0
0 0 0
155849-8
#nylinje
2
109.4
139.5
9
A
3
3
0
0 0 0
155849-10
#nylinje
1
55.3
132.6
9
A
2
3
0
0 0 0
155849-12
#andre ting
0
1
0
1
