#kundeinfo
14 06 2010
002
155289
24
#nylinje
8
36.85
99.5
9
A
2
2
0
0 0 0
155289-1,1,1,3,3,3,7,8
#nylinje
4
38.9
99.5
9
A
2
2
0
0 0 0
155289-4,6,19,20
#nylinje
1
48.9
99.5
9
A
2
2
0
0 0 0
155289-9
#nylinje
12
36.85
41.07
9
A
2
2
0
0 0 0
155289-11,13
#nylinje
2
38.9
41.05
9
A
2
2
0
0 0 0
155289-14,16
#nylinje
8
31.85
99.5
9
A
2
2
0
0 0 0
155289-21,22,33,33,34,34,35,36
#nylinje
10
36.85
34.55
9
A
2
2
0
0 0 0
155289-24,26
#nylinje
6
36.85
34.55
9
A
2
2
0
0 0 0
155289-28,29
#nylinje
2
38.9
34.55
9
A
2
2
0
0 0 0
155289-30,32
#nylinje
2
38.9
99.5
9
A
2
2
0
0 0 0
155289-37,38
#andre ting
0
1
2
0
