#kundeinfo
23 06 2010
036
809,129,820,231,897
26
#nylinje
1
66.8
144.4
3
A
2
4
0
0 0 0
809-1
#nylinje
1
66.8
109
3
A
2
3
0
0 0 0
129-1
#nylinje
16
89.6
99
3
A
2
2
0
0 0 0
820-1
#nylinje
3
138.4
149.2
3
A
3
3
0
0 0 0
820-2
#nylinje
1
39.6
99
3
A
1
2
0
0 0 0
820-3
#nylinje
2
138.4
169.2
3
A
3
3
0
0 0 0
820-4
#nylinje
5
88.4
169.2
3
A
2
3
0
0 0 0
820-5
#nylinje
2
98.4
169.2
3
A
2
3
0
0 0 0
820-6
#nylinje
1
76.8
164.4
3
A
2
3
0
0 0 0
820-8
#nylinje
1
66.8
99
3
A
2
2
0
0 0 0
820-9
#nylinje
1
28.4
169.2
3
A
1
3
0
0 0 0
820-10
#nylinje
1
39.6
99
3
A
2
3
0
0 0 0
231-1
#nylinje
1
56.8
99
3
A
2
3
0
0 0 0
897-6
#andre ting
0
1
0
1
