#kundeinfo
29 06 2010
002
156503,156760
27
#nylinje
2
49.45
105.5
9
A
2
3
0
0 0 0
156466-1,3
#nylinje
4
38.9
79.5
9
A
2
3
0
0 0 0
154086-1
#nylinje
1
68.9
89.5
9
A
2
2
0
0 0 0
156503-1
#nylinje
1
58.9
89.5
9
A
2
2
0
0 0 0
156503-3
#nylinje
1
55.3
87.6
9
A
2
2
0
0 0 0
156503-5
#nylinje
2
58.9
59.5
9
A
2
2
0
0 0 0
156503-7
#nylinje
5
68.9
89.5
9
A
2
2
0
0 0 0
156503-9,9,9,10,10
#nylinje
2
98.9
39.5
9
A
3
1
0
0 0 0
156503-11
#nylinje
4
109.4
139.5
9
A
3
3
0
0 0 0
156503-13
#nylinje
1
55.3
132.6
9
A
2
3
0
0 0 0
156503-15
#nylinje
1
65.3
152.7
9
A
2
4
0
0 0 0
156624-1
#nylinje
6
26.85
89.5
9
A
1
3
0
0 0 0
156755-1,3
#nylinje
2
31.85
89.5
9
A
1
3
0
0 0 0
156755-4,5
#nylinje
1
68.9
89.5
9
A
2
2
0
0 0 0
157380-3
#nylinje
22
68.9
109.5
9
A
2
2
0
0 1 0
156760-1_(Inndeling)
#nylinje
2
68.9
99.5
9
A
2
2
0
0 1 0
156760-3_(Inndeling)
#nylinje
2
38.9
99.5
9
A
1
2
0
0 1 0
156760-5_(Inndeling)
#nylinje
4
65.3
107.6
9
A
2
2
0
0 1 0
156760-7,9,10,11_(Inndeling)
#nylinje
12
88.9
109.5
9
A
2
2
0
0 1 0
156763-5_(Inndeling)
#nylinje
2
38.9
109.5
9
A
1
2
0
0 1 0
156763-14_(Inndeling)
#nylinje
2
68.4
142.6
9
A
2
2
0
0 1 0
156763-9,11_(Inndeling)
#nylinje
1
75.3
107.6
9
A
2
2
0
0 1 0
156763-12_(Inndeling)
#andre ting
0
1
2
0
