#kundeinfo
18 06 2010
036
796,800,828,757
25
#nylinje
4
69.6
99
3
A
2
3
0
0 0 0
796-1
#nylinje
2
39.6
99
3
A
2
3
0
0 0 0
796-2
#nylinje
4
69.6
99
3
A
2
3
0
0 0 0
800-1
#nylinje
2
39.6
99
3
A
2
3
0
0 0 0
800-2
#nylinje
2
69.6
99
3
A
2
3
0
0 0 0
828-1
#nylinje
3
69.6
59
3
A
2
2
0
0 0 0
828-2
#nylinje
2
128.4
188.8
3
A
3
3
0
0 0 0
828-3
#nylinje
1
158.4
188.8
3
A
3
3
0
0 0 0
828-4
#nylinje
1
66.8
144.4
3
A
2
3
0
0 0 0
828-5
#nylinje
2
69.6
89
3
A
2
3
0
0 0 0
828-6
#nylinje
1
69.6
59
3
A
2
2
0
0 0 0
828-7
#nylinje
2
38.05
99
3
A
2
4
0
0 0 0
757-1
#nylinje
2
68.05
99
3
A
3
4
0
0 0 0
757-2
#nylinje
1
48.4
148.8
3
A
2
5
0
0 0 0
757-3
#nylinje
1
39.6
139
3
A
2
5
0
0 0 0
757-4
#andre ting
0
1
0
1
