#kundeinfo
18 06 2010
002
156118,154922,155602,155976

#nylinje
2
38.9
89.5
9
A
2
2
0
0 0 0
156118-1,3
#nylinje
2
58.9
89.5
9
A
2
2
0
0 0 0
156118-4,6
#nylinje
1
29.4
49.5
9
A
2
2
0
0 0 0
156118-7
#nylinje
2
38.9
89.5
9
A
2
2
0
0 0 0
156118-9
#nylinje
3
38.9
39.5
9
A
2
2
0
0 0 0
156118-10
#nylinje
1
18.8
89.5
9
A
1
2
0
0 0 0
156118-12
#nylinje
3
78.9
89.5
9
A
2
2
0
0 0 0
156118-14,16,17
#nylinje
2
109.4
49.5
9
A
2
1
0
0 0 0
156118-18
#nylinje
5
89.4
129.5
9
A
2
2
0
0 0 0
156118-20
#nylinje
1
55.3
122.6
9
A
2
2
0
0 1 0
156118-22_(Inndeling)
#nylinje
5
109.4
139.5
9
I2
3
3
0
0 0 0
154922-1
#nylinje
1
98.9
129.5
9
I2
3
3
0
0 1 0
154922-3_(Inndeling)
#nylinje
1
89.4
85.78
9
I2
3
2
0
0 1 0
154922-5_(Inndeling,skrå)
#nylinje
1
89.4
41.68
9
I
3
1
0
0 0 0
154922-7_(Skrå)
#nylinje
2
89.4
139.5
9
I2
3
3
0
0 0 0
154922-9
#nylinje
2
98.9
99.5
9
A
3
3
0
0 0 0
155602-1
#nylinje
2
79.4
139.5
9
A
3
4
0
0 0 0
155602-3
#nylinje
2
53.4
132.6
9
A
2
4
0
0 0 0
155602-5,7
#nylinje
1
58.9
49.5
9
A
2
2
0
0 0 0
155976-1
#nylinje
1
38.9
39.5
9
A
2
2
0
0 0 0
155976-3
#nylinje
2
68.9
99.5
9
A
2
3
0
0 0 0
155976-5
#andre ting
0
1
2
0
