#kundeinfo
23 06 2010
036
941,035,030,868
26
#nylinje
1
66.8
99
3
G
2
3
0
0 0 0
941-1
#nylinje
1
69.6
99
3
G
2
3
0
0 0 0
941-2
#nylinje
5
89.6
99
3
G
2
3
0
0 0 0
941-3,3,3,7,7
#nylinje
2
89.6
109
3
G
2
3
0
0 0 0
941-5
#nylinje
2
71.8
109
3
G
2
3
0
0 0 0
941-6
#nylinje
1
79.6
99
3
G
2
3
0
0 0 0
941-8
#nylinje
1
66.8
99
3
A
2
3
0
0 0 0
035-1
#nylinje
1
66.8
124.4
3
A
1
3
0
0 0 0
030-2
#nylinje
4
98.4
149.2
3
A
2
3
0
0 0 0
868-1
#nylinje
1
89.6
139
3
A
2
3
0
0 0 0
868-2
#nylinje
1
69.6
79
3
A
2
2
0
0 0 0
868-3
#nylinje
2
89.6
39
3
A
2
1
0
0 0 0
868-4
#nylinje
4
98.4
149.2
3
A
2
3
0
0 0 0
868-5
#nylinje
4
89.6
139
3
A
2
3
0
0 0 0
868-6
#nylinje
5
79.6
79
3
A
2
2
0
0 0 0
868-7
#nylinje
1
79.6
39
3
A
2
1
0
0 0 0
868-8
#nylinje
2
89.6
76
3
A
2
2
0
0 0 0
868-12
#andre ting
0
1
0
1
