#kundeinfo
30 06 2010
002
156197,153574
26
#nylinje
4
109.7
100.1
3
A
3
3
0
0 0 0
156197-3
#nylinje
3
58.9
89.5
9
A
2
2
0
0 0 0
153574-1,3,11
#nylinje
2
38.9
89.5
9
A
2
2
0
0 0 0
153574-4,6
#nylinje
1
55.3
87.6
9
A
2
2
0
0 0 0
153574-7
#nylinje
2
38.9
39.5
9
A
2
2
0
0 0 0
153574-9
#nylinje
2
49.4
139.5
9
A
2
3
0
0 0 0
156574-12
#nylinje
6
68.9
89.5
9
A
2
2
0
0 0 0
153574-14,14,14,14,16,16
#nylinje
2
98.9
89.5
9
A
3
2
0
0 0 0
153574-17
#nylinje
3
109.4
139.5
9
A
3
3
0
0 0 0
153574-19
#andre ting
0
1
2
0
