#kundeinfo
14 06 2010
036
_

#nylinje
5
88.4
219.2
3
A
2
4
0
0 0 0
763-1
#nylinje
2
88.4
219.2
3
A
2
4
0
0 0 0
763-1s
#nylinje
1
128.4
219.2
3
A
3
4
0
0 0 0
763-2
#nylinje
1
76.8
205.8
3
A
2
4
0
0 0 0
763-3s
#nylinje
2
88.4
239.2
3
A
2
4
0
0 0 0
763-4s
#nylinje
2
51.8
225.8
3
A
2
4
0
0 0 0
763-5s
#nylinje
4
69.6
139
3
H
2
2
0
0 0 0
763-6
#nylinje
4
69.6
109
3
H
2
2
0
0 0 0
763-7
#nylinje
2
59.6
99
3
H
2
2
0
0 0 0
763-8
#nylinje
1
76.8
99
3
H
2
2
0
0 0 0
763-9
#nylinje
2
81.8
185.8
3
H
2
2
0
0 0 0
763-10s
#nylinje
2
91.55
39.2
3
A
4
2
0
0 0 0
763-11
#nylinje
4
59.6
139
3
H
2
2
0
0 0 0
763-12
#nylinje
4
59.6
79
3
H
2
2
0
0 0 0
763-13
#nylinje
2
48.4
149.2
3
H
1
2
0
0 0 0
763-14
#nylinje
2
48.4
89.2
3
H
1
2
0
0 0 0
763-15
#nylinje
1
88.4
199.2
3
H
2
2
0
0 0 0
763-16s
#nylinje
1
59.6
79
3
H
2
2
0
0 0 0
763-17
#nylinje
1
66.8
79
3
H
2
2
0
0 0 0
763-18
#nylinje
2
39.6
99
3
H
1
2
0
0 0 0
763-19
#nylinje
2
69.6
119
3
H
2
2
0
0 0 0
763-20
#nylinje
1
29.6
69
3
A
2
2
0
0 1 0
763-21_(Inndeling)
#nylinje
2
79.6
59
3
I
2
1
0
0 0 0
054-1
#nylinje
2
69.6
89
3
D
2
2
0
0 1 0
054-2_(Inndeling)
#andre ting
0
0
0
0
