#kundeinfo
24 08 2010
002
157877,144818
34
#nylinje
3
110.7
90.1
3
K
2
3
0
0 0 0
157877-1
#nylinje
8
32.4
158.5
3
A
1
4
0
0 0 0
144818
#nylinje
1
69.5
158.5
3
A
2
4
0
0 0 0
144818
#nylinje
2
58.9
167.8
3
A
2
4
0
0 0 0
144818
#nylinje
3
68.9
167.8
3
A
2
4
0
0 0 0
144818
#nylinje
2
28.9
107.8
3
A
1
2
0
0 0 0
144818
#nylinje
1
69.5
88.5
3
A
2
2
0
0 0 0
144818
#nylinje
1
65.9
157
3
A
2
4
0
0 1 0
144818_(Inndeling)
#nylinje
2
65.9
86.4
3
A
2
2
0
0 1 0
144818_(Inndeling)
#nylinje
2
29.4
88.5
3
A
1
2
0
0 0 0
144818
#andre ting
0
1
0
1
