#kundeinfo
24 08 2010
002
157810,158186
34
#nylinje
6
78.9
99.5
9
A
3
3
0
0 0 0
157810-1,1,1,1,3,3
#nylinje
1
65.3
97.6
9
A
2
3
0
0 0 0
157810-4
#nylinje
1
55.3
87.6
9
A
2
3
0
0 0 0
157854-1
#nylinje
7
38.9
89.5
9
A
2
3
0
0 0 0
158186-1,3,7,7,7,8,8
#nylinje
16
41.95
129.5
9
A
2
4
0
0 0 0
158186-4,6,18,19
#nylinje
2
36.85
89.5
9
A
2
3
0
0 0 0
158186-9,10
#nylinje
4
38.9
129.5
9
A
2
4
0
0 0 0
158186-12,14,20,20
#nylinje
4
53.4
127.6
9
A
2
4
0
0 1 0
158186-15,17,21,22_(Inndeling)
#andre ting
0
1
2
0
