#kundeinfo
24 08 2010
002
158321,158048
34
#nylinje
2
68.9
89.5
9
A
2
2
0
0 0 0
158321-1,3
#nylinje
2
99.4
186.7
9
A
2
3
0
0 1 0
158321-4,6_(Inndeling,skrå)
#nylinje
1
99.4
131.1
9
A
2
2
0
0 1 0
158321-8_(Inndeling,skrå)
#nylinje
8
68.9
99.5
9
A
2
2
0
0 0 0
158321-10
#nylinje
1
48.9
99.5
9
A
2
2
0
0 0 0
158321-12
#nylinje
3
68.9
39.5
9
A
2
1
0
0 0 0
158321-14
#nylinje
1
39.4
199.5
9
A
1
3
0
0 0 0
158321-16
#nylinje
1
39.4
169.5
9
A
1
3
0
0 0 0
158321-18
#nylinje
3
99.4
169.5
9
A
2
3
0
0 0 0
158321-20
#nylinje
1
79.4
109.5
9
A
2
2
0
0 0 0
158321-39
#nylinje
1
80.7
40.1
3
B
4
2
0
0 0 0
158048-1
#andre ting
0
1
2
0
