#kundeinfo
24 08 2010
002
157553,157592,157788
34
#nylinje
2
39.4
89.5
9
A
2
2
0
0 0 0
157553-1
#nylinje
1
89.4
89.5
9
A
2
2
0
0 0 0
157553-3
#nylinje
1
59.4
89.5
9
A
2
2
0
0 0 0
157553-5
#nylinje
5
99.4
59.5
9
A
3
2
0
0 0 0
157592-1
#nylinje
1
58.9
59.5
9
A
2
2
0
0 0 0
157592-3
#nylinje
1
119.4
149.5
9
A
3
3
0
0 0 0
157592-5
#nylinje
8
41.6
38
9
A
2
2
0
0 0 0
157788-1,3
#nylinje
4
31.6
28
9
A
2
2
0
0 0 0
157788-4,5
#nylinje
6
31.8
69.5
9
A
1
2
0
0 0 0
157788-8,10
#nylinje
6
36.6
33
9
A
2
2
0
0 0 0
157788-11,12
#nylinje
1
39.4
33
9
A
2
2
0
0 0 0
157788-15
#nylinje
1
29.4
28
9
A
2
2
0
0 0 0
157788-17
#andre ting
0
1
2
0
