#kundeinfo
19 06 2002
002
18819&18804
26
#nylinje
2
37.9
148
3
D
1
2
0
0
 18819-007
#nylinje
2
37.9
148
3
D
1
2
0
0
 18819-016
#nylinje
1
37.9
118
3
D
1
2
0
0
 18819-008
#nylinje
2
97.9
148
3
D
2
2
0
0
 18819-006
#nylinje
4
78.3
108.6
3
D
2
2
0
0
 18819-009
#nylinje
3
78.3
108.6
3
D
2
2
0
0
 18819-011
#nylinje
4
78.3
108.6
3
D
2
2
0
0
 18819-017
#nylinje
1
74.8
106.7
3
D
2
2
0
0
 18819-010
#nylinje
1
64.8
141.8
3
D
2
2
0
0
 18819-018
#nylinje
2
88.3
98.6
3
A
3
3
0
0
 18804-012
#nylinje
1
38.3
38.6
3
A
2
2
0
0
 18804-009
#nylinje
2
77.9
148
3
A
2
3
0
0
 18804-011
#nylinje
1
64.8
141.8
3
A
2
3
0
0
 18804-013
#nylinje
2
53.1
141.8
3
A
2
3
0
0
 18804-010
#nylinje
2
47.9
148
3
A
2
3
0
0
 18804-005
#nylinje
2
47.9
148
3
A
2
3
0
0
 18804-006
#nylinje
3
88.4
58.2
3
A
3
2
0
0
 18804-001
#nylinje
2
88.4
28.2
3
A
3
2
0
0
 18804-002
#nylinje
1
137.9
148
3
A
3
3
0
0
 18804-003
#nylinje
1
137.9
148
3
A
3
3
0
0
 18804-004
#nylinje
1
88.3
98.6
3
A
3
3
0
0
 18804-007
#nylinje
1
88.3
98.6
3
A
3
3
0
0
 18804-008
#nylinje
2
88.3
98.6
3
A
3
3
0
0
 18804-012
#nylinje
1
104.3
118.6
3
D
3
2
0
0
 20135-011
#andre ting
1
0
2
0
