#kundeinfo
05 06 2002
002
-
25
#nylinje
1
38.4
38.2
3
A
2
2
0
0
 823-001
#nylinje
2
38.4
38.2
3
A
2
2
0
0
 823-002
#nylinje
1
54.8
131.8
3
A
2
4
0
0
 823-011
#nylinje
1
58.4
58.2
3
A
3
2
0
0
 823-005
#nylinje
1
58.4
58.2
3
A
3
2
0
0
 823-006
#nylinje
1
68.4
88.2
3
A
3
3
0
0
 823-003
#nylinje
1
68.4
88.2
3
A
3
3
0
0
 823-004
#nylinje
2
107.9
138
3
A
4
4
0
0
 823-010
#nylinje
4
88.4
38.2
3
A
4
2
0
0
 823-014
#nylinje
2
98.4
88.2
3
A
4
3
0
0
 823-016
#nylinje
1
74.8
131.8
3
I
2
3
0
0
 143-006
#nylinje
3
78.3
38.6
3
I
2
1
0
0
 143-004
#nylinje
9
78.3
98.6
3
I
2
2
0
0
 143-002
#nylinje
3
78.3
98.6
3
I
2
2
0
0
 143-003
#nylinje
6
87.9
138
3
I
2
3
0
0
 143-001
#nylinje
2
74.8
131.8
3
I
2
3
0
0
 143-005
#nylinje
2
53.1
131.8
3
D
2
2
0
0
 132-010 1
#andre ting
1
0
0
0
