#kundeinfo
20 06 2002
002
_
26
#nylinje
3
68.4
88.2
3
A
2
3
0
0
 19256-001
#nylinje
3
38.4
88.2
3
A
2
3
0
0
 19256-002
#nylinje
3
97.9
138
3
A
3
4
0
0
 19256-003
#nylinje
1
64.8
131.8
3
A
3
4
0
0
 19256-005
#nylinje
1
64.8
86.7
3
I
2
2
0
0
 18868-009
#nylinje
1
58.4
88.2
3
I
2
2
0
0
 18868-007
#nylinje
1
58.4
58.2
3
I
2
2
0
0
 18868-001
#nylinje
1
58.4
58.2
3
I
2
2
0
0
 18868-002
#nylinje
1
54.8
86.7
3
I
2
2
0
0
 18868-010
#nylinje
2
41.5
88.2
3
I
2
2
0
0
 18868-008
#nylinje
1
38.4
88.2
3
I
2
2
0
0
 18868-005
#nylinje
1
38.4
88.2
3
I
2
2
0
0
 18868-006
#nylinje
2
38.4
38.2
3
I
2
2
0
0
 18868-003
#nylinje
1
38.4
38.2
3
I
2
2
0
0
 18868-004
#nylinje
1
38.4
38.2
3
A
2
2
0
0
 19274-002
#nylinje
1
58.4
88.2
3
A
2
3
0
0
 19274-004
#nylinje
1
38.4
98.2
3
A
2
3
0
0
 19274-003
#andre ting
1
0
0
1
