#kundeinfo
20 06 2002
002
_
26
#nylinje
1
28.3
108.6
3
D
1
2
0
0
 2302-001
#nylinje
1
28.3
108.6
3
D
1
2
0
0
 2302-002
#nylinje
1
78.3
78.6
3
I
2
2
0
0
 2302-003
#nylinje
1
187.9
25.9
3
A
9
1
0
0
 20184_UBEH
#nylinje
1
107.9
25.9
3
A
6
1
0
0
 20184_UBEH
#nylinje
4
28.4
48.2
3
A
2
2
0
0
 18627-002
#nylinje
3
77.9
148
3
A
2
3
0
0
 18627-001
#nylinje
5
68.4
98.2
3
A
2
3
0
0
 18627-003
#nylinje
1
64.8
141.8
3
A
2
3
0
0
 18627-006
#nylinje
1
64.8
96.7
3
A
2
3
0
0
 18627-005
#nylinje
1
64.8
96.7
3
A
2
3
0
0
 18627-008
#nylinje
1
53.1
141.8
3
A
2
3
0
0
 18627-007
#nylinje
3
28.4
98.2
3
A
2
3
0
0
 18627-004
#nylinje
2
88.3
38.6
3
A
3
2
0
0
 2402-002
#nylinje
1
88.3
98.6
3
A
3
3
0
0
 2402-001
#andre ting
1
0
2
0
