#kundeinfo
05 06 2002
002
-
24
#nylinje
2
58.3
78.6
3
A
2
2
0
0
 113-001 X
#nylinje
4
98.4
88.2
3
A
2
2
0
0
 798-011
#nylinje
1
78.4
28.2
3
A
2
2
0
0
 798-008
#nylinje
5
68.4
88.2
3
A
2
2
0
0
 798-009
#nylinje
2
68.4
88.2
3
A
2
2
0
0
 798-010
#nylinje
1
68.4
68.2
3
A
2
2
0
0
 798-001
#nylinje
1
68.4
68.2
3
A
2
2
0
0
 798-002
#nylinje
1
38.4
88.2
3
A
2
2
0
0
 798-003
#nylinje
1
38.4
88.2
3
A
2
2
0
0
 798-004
#nylinje
3
38.4
88.2
3
A
2
2
0
0
 798-007
#nylinje
2
38.4
38.2
3
A
2
2
0
0
 798-006
#nylinje
1
54.8
86.7
3
A
2
3
0
0
 798-005
#nylinje
2
98.3
98.6
3
I
2
1
0
0
 032-001
#nylinje
2
36.5
68.2
3
A
2
3
0
0
 796-001
#nylinje
1
58.4
88.2
3
A
2
3
0
0
 793-005
#nylinje
1
54.8
86.7
3
A
2
3
0
0
 793-007
#nylinje
1
54.8
86.7
3
A
2
3
0
0
 793-008
#nylinje
4
41.5
88.2
3
A
2
3
0
0
 793-006
#nylinje
3
38.4
88.2
3
A
2
3
0
0
 793-003
#nylinje
1
38.4
88.2
3
A
2
3
0
0
 793-004
#nylinje
1
58.4
58.2
3
A
3
2
0
0
 793-001
#nylinje
1
58.4
58.2
3
A
3
2
0
0
 793-002
#andre ting
1
0
0
1
