#kundeinfo
05 06 2002
002
-
25
#nylinje
1
54.8
106.7
3
A
3
3
0
0
 012-005
#nylinje
3
88.4
21.8
3
A
4
1
0
0
 012-001
#nylinje
6
74.4
21.8
3
A
4
1
0
0
 012-002
#nylinje
3
74.4
21.8
3
A
4
1
0
0
 012-003
#nylinje
2
74.4
38.2
3
A
4
2
0
0
 012-004
#nylinje
1
64.8
138.3
3
A
3
4
0
0
 248-001
#nylinje
1
95.5
118
3
A
2
3
0
0
 122-001
#nylinje
2
58.3
118
3
A
2
3
0
0
 122-001
#nylinje
1
28.4
58.2
3
A
1
2
0
0
 079-003
#nylinje
2
37.9
108
3
A
1
3
0
0
 079-004
#nylinje
9
77.9
148
3
A
2
3
0
0
 079-001 X
#nylinje
8
68.3
98.6
3
A
2
3
0
0
 079-002
#nylinje
1
68.3
88.6
3
A
2
3
0
0
 079-007 XX
#nylinje
1
64.8
141.8
3
A
2
3
0
0
 079-005 X
#nylinje
1
64.8
86.7
3
A
2
3
0
0
 079-006 XX
#nylinje
4
47.9
48
3
A
2
2
0
0
 009-006
#andre ting
1
0
2
0
