#kundeinfo
05 06 2002
002
-
25
#nylinje
3
28.3
98.6
3
D
1
2
0
0
 132-004-2
#nylinje
1
88.4
38.2
3
D
2
1
0
0
 132-012
#nylinje
4
88.4
38.2
3
D
2
1
0
0
 132-013
#nylinje
4
97.9
138
3
D
2
2
0
0
 132-001-1
#nylinje
2
88.3
108.6
3
D
2
2
0
0
 132-002-3
#nylinje
5
88.3
98.6
3
D
2
2
0
0
 132-003
#nylinje
1
74.8
106.7
3
D
2
2
0
0
 132-006-3
#nylinje
1
64.8
96.7
3
D
2
2
0
0
 132-007-2
#nylinje
1
64.8
96.7
3
D
2
2
0
0
 132-008-2
#nylinje
1
64.8
93.3
3
D
2
2
0
0
 132-011
#nylinje
1
27.9
98
3
A
1
4
0
0
 245-001
#nylinje
4
28.3
98.6
3
I
1
2
0
0
 779-004
#nylinje
2
37.9
148
3
I
1
3
0
0
 779-002
#nylinje
7
88.3
98.6
3
I
2
2
0
0
 779-003
#nylinje
4
88.3
98.6
3
I
2
2
0
0
 779-007
#nylinje
2
97.9
148
3
I
2
3
0
0
 779-001
#nylinje
2
53.1
141.8
3
I
2
3
0
0
 779-005
#andre ting
1
0
0
0
