#kundeinfo
05 09 2008
002
133018,133059
38
#nylinje
2
68.4
88.9
9
I
2
1
0
0 0 0
132855-1
#nylinje
4
58.4
88.3
9
A
2
2
0
0 0 0
133018-1,3
#nylinje
4
58.4
58.3
9
A
2
2
0
0 0 0
133018-4
#nylinje
1
18.4
88.3
9
A
1
2
0
0 0 0
133018-6
#nylinje
3
68.4
88.3
9
A
2
2
0
0 0 0
133018-8
#nylinje
2
88.4
58.3
9
A
2
2
0
0 0 0
133018-10
#nylinje
2
78.4
88.3
9
A
2
2
0
0 0 0
133018-12
#nylinje
1
88.1
168.4
9
A
2
3
0
0 0 0
133018-14
#nylinje
3
78.1
168.4
9
A
2
3
0
0 0 0
133018-16
#nylinje
2
78.1
103
9
A
2
2
0
0 0 0
133018-18,20_(Skrå)
#nylinje
1
78.1
53.8
9
A
2
1
0
0 0 0
133018-22_(Skrå)
#nylinje
1
65
87.3
9
A
2
2
0
0 0 0
133018-24
#nylinje
6
88.4
118.9
9
D
2
2
0
0 1 0
133059-1_(Inndeling)
#nylinje
2
38.1
128.4
9
D
2
2
0
0 1 0
133059-24_(Inndeling)
#nylinje
2
98.4
38.9
9
I
2
1
0
0 0 0
133059-5
#nylinje
2
78.4
98.9
9
D
2
2
0
0 1 0
133059-7_(Inndeling)
#nylinje
2
53.1
126.2
9
D
2
2
0
0 1 0
133059-9,11_(Inndeling)
#nylinje
1
75
107.3
9
D
2
2
0
0 1 0
133059-12_(Inndeling)
#nylinje
1
65
127.7
9
I
2
2
0
0 0 0
133059-14
#nylinje
1
108.4
128.9
9
I
2
2
0
0 1 0
133059-16_(Inndeling)
#nylinje
4
88.4
118.9
9
D
2
2
0
0 1 0
133059-19_(Inndeling)
#nylinje
2
78.4
118.9
9
D
2
2
0
0 1 0
133059-20_(Inndeling)
#nylinje
1
58.4
28.3
9
A
3
2
0
0 0 0
133130-1
#nylinje
1
65
117.3
9
A
2
4
0
0 0 0
133155-1
#andre ting
0
1
2
0
