#kundeinfo
20 04 2009
002
139359
17
#nylinje
4
78.4
118.9
9
I
2
2
0
0 0 0
139359-1
#nylinje
1
78.4
58.9
9
I
2
2
0
0 0 0
139359-3
#nylinje
2
38.1
158.4
9
I
1
3
0
0 0 0
139359-9
#nylinje
2
53.1
152.3
9
I
1
3
0
0 1 0
139359-11,13_(Inndeling)
#nylinje
9
78.4
118.9
3
I
2
2
0
0 0 0
139359-14
#nylinje
2
38.1
108.4
9
I
1
2
0
0 0 0
139359-15
#nylinje
1
65
102.3
9
I
1
2
0
0 1 0
139359-17_(Inndeling)
#nylinje
1
91.2
68.4
9
I
2
2
0
0 0 0
139359-26
#nylinje
1
81.5
53.8
9
I
2
2
0
0 0 0
139359-28
#andre ting
0
1
2
0
