#kundeinfo
29 05 2008
002
128052,128098,128152,128217,198292,128314
24
#nylinje
2
31.5
98.3
9
I
1
3
0
0 0 0
128052-1,3
#nylinje
3
32.53
98.3
9
I
1
3
0
0 0 0
128052-4,6,8
#nylinje
2
28.4
98.9
9
I
1
2
0
0 0 0
128098-3
#nylinje
2
178.1
168.4
9
I
2
2
0
0 1 0
128098-5,7_(Se_Tegning)
#nylinje
1
75
181.9
9
D
1
2
0
0 1 0
128098-11_(Inndeling)
#nylinje
1
65
181.9
9
D
1
2
0
0 1 0
128098-14_(Inndeling)
#nylinje
1
98.4
128.9
9
D
2
2
0
0 1 0
128152-1_(Inndeling)
#nylinje
1
75
127.3
9
D
2
2
0
0 1 0
128152-3_(Inndeling)
#nylinje
2
108.1
98.4
9
A
3
3
0
0 0 0
128217-1
#nylinje
1
98.4
68.9
9
A
3
3
0
0 0 0
128217-5
#nylinje
1
98.4
88.3
9
A
3
3
0
0 0 0
128217-9
#nylinje
2
74.4
84.3
9
D
2
2
0
0 1 0
128292-1_(Inndeling)
#nylinje
1
49
82.7
9
D
2
2
0
0 1 0
128292-3_(Inndeling)
#nylinje
3
78.4
108.9
9
I
1
2
0
0 0 0
128314-1
#nylinje
2
128.4
108.9
9
I
1
2
0
0 0 0
128314-3
#nylinje
6
98.4
98.9
9
I
1
2
0
0 0 0
128314-7,7,7,7,7,9
#nylinje
5
68.4
138.9
9
D
1
2
0
0 1 0
128314-10_(Inndeling)
#andre ting
0
1
2
0
