#kundeinfo
29 05 2008
002
128352
24
#nylinje
4
58.4
88.3
9
A
2
2
0
0 0 0
128352-1,3
#nylinje
1
38.4
88.3
9
A
2
2
0
0 0 0
128352-4
#nylinje
2
58.4
88.3
9
A
2
2
0
0 0 0
128352-6
#nylinje
3
68.4
88.3
9
A
2
2
0
0 0 0
128352-7
#nylinje
2
88.4
88.3
9
A
2
2
0
0 0 0
128352-9
#nylinje
1
28.1
138.4
9
A
1
3
0
0 0 0
128352-11
#nylinje
7
78.1
128.4
9
A
2
3
0
0 0 0
128352-13
#nylinje
2
55
87.3
9
A
2
2
0
0 0 0
128352-15
#nylinje
2
78.1
52.8
9
A
2
1
0
0 0 0
128352-17,19_(Skrå)
#nylinje
2
78.1
102
9
A
2
2
0
0 1 0
128352-21,23_(Skrå,Inndeling)
#andre ting
0
1
2
0
