#kundeinfo
08 05 2008
002
126879,126918
20
#nylinje
2
78.4
78.9
9
A
3
3
0
0 0 0
126879-1
#nylinje
2
28.4
98.9
9
C
2
3
0
0 0 0
126918-3
#nylinje
4
48.1
148.4
9
C
2
5
0
0 0 0
126918-5
#nylinje
3
58.4
28.9
9
C
3
2
0
0 0 0
126918-7
#nylinje
7
68.4
98.9
9
C
3
3
0
0 0 0
126918-9,9,9,9,9,9,29
#nylinje
9
78.1
148.4
9
C
3
5
0
0 0 0
126918-11
#nylinje
1
28.4
138.9
9
C
2
5
0
0 0 0
126918-30
#nylinje
2
65
97.3
9
C
3
3
0
0 1 0
126918-13,15_(Inndeling)
#nylinje
2
63.3
117.3
9
C
3
4
0
0 0 0
126918-16,18
#andre ting
1
0
2
0
