#kundeinfo
08 05 2008
002
127238,127278,127282
21
#nylinje
4
108.1
138.4
9
D
2
2
0
0 1 0
127156-1_(80mm_Inndeling))
#nylinje
2
98.1
164
9
I
1
3
0
0 0 0
127196-5,10_(Skrå)
#nylinje
2
98.1
168.4
9
A
2
3
0
0 0 0
127238-1
#nylinje
2
97.9
52.45
9
A
2
1
0
0 0 0
127238-13
#nylinje
2
88.4
99.05
9
A
2
2
0
0 1 0
127238-15_(Inndeling)
#nylinje
1
75
162.3
9
A
2
3
0
0 1 0
127238-3_(Inndeling)
#nylinje
1
28.4
98.9
9
A
1
2
0
0 0 0
127238-5
#nylinje
6
88.4
98.9
9
A
2
2
0
0 0 0
127238-7
#nylinje
2
38.1
108.4
9
A
1
2
0
0 0 0
127238-9
#nylinje
1
65
97.3
9
A
2
2
0
0 0 0
127238-11
#nylinje
5
88.4
98.9
9
A
2
2
0
0 0 0
127278-1
#nylinje
5
88.1
168.4
9
A
2
3
0
0 0 0
127278-3
#nylinje
1
65
162.3
9
A
2
3
0
0 0 0
127278-11
#nylinje
4
88.4
118.9
9
A
2
2
0
0 0 0
127278-7
#nylinje
1
65
97.3
9
A
2
2
0
0 0 0
127278-13
#nylinje
1
48.1
218.4
9
I
1
3
0
0 0 0
127282-7
#nylinje
1
78.1
218.4
9
I
1
3
0
0 0 0
127282-9
#nylinje
1
48.1
138.4
9
I
1
2
0
0 1 0
127282-16_(Inndeling)
#nylinje
1
68.4
128.9
9
I
1
2
0
0 1 0
127282-14_(Inndeling)
#nylinje
2
148.1
218.4
9
I
2
3
0
0 0 0
127282-19
#nylinje
2
148.1
282.1
9
I
2
3
0
0 1 0
127282-21,23_(Skrå_Inndeling)
#andre ting
0
1
2
0
