#kundeinfo
27 05 2008
002
125433,127498
22
#nylinje
4
58.4
88.3
9
A
2
2
0
0 0 0
125433-1,3
#nylinje
2
38.4
88.3
9
A
2
2
0
0 0 0
125433-4
#nylinje
1
98.4
38.3
9
A
2
1
0
0 0 0
125433-6
#nylinje
9
78.4
88.3
9
A
2
2
0
0 0 0
125433-8,10,10,10,10,10,10,10,10,10
#nylinje
1
55
87.3
9
A
2
2
0
0 0 0
125433-11
#nylinje
2
68.4
88.3
9
A
2
2
0
0 0 0
127498-1,3
#nylinje
2
38.4
38.3
9
A
2
2
0
0 0 0
127498-4
#nylinje
1
58.4
88.3
9
A
2
2
0
0 0 0
127498-6
#nylinje
3
68.4
88.3
9
A
2
2
0
0 0 0
127498-8
#nylinje
7
98.4
88.3
9
A
3
2
0
0 0 0
127498-9
#nylinje
3
108.1
138.4
9
A
3
3
0
0 0 0
127498-11
#nylinje
2
65
87.3
9
A
2
2
0
0 0 0
127498-13,15
#andre ting
0
1
2
0
