#kundeinfo
16 05 2008
002
127551,127604,127659
22
#nylinje
2
108.1
84.1
9
I
2
1
0
0 0 0
127551-1,3_(Skråsprosser)
#nylinje
1
108.1
138.86
9
G
2
2
0
0 1 0
127551-5_(Skråsprosse,_Inndeling)
#nylinje
3
38.4
38.3
9
G
2
2
0
0 0 0
127551-7
#nylinje
2
58.4
78.3
9
G
2
2
0
0 0 0
127551-9
#nylinje
7
68.4
88.3
9
G
2
2
0
0 0 0
127551-11
#nylinje
3
108.1
138.4
9
G
2
2
0
0 1 0
127551-13_(Inndeling)
#nylinje
1
65
132.3
9
G
2
2
0
0 1 0
127551-15_(Inndeling)
#nylinje
6
41.5
98.3
9
A
1
3
0
0 0 0
127604-1,3
#nylinje
8
31.5
98.3
9
A
1
3
0
0 0 0
127604-4,5
#nylinje
1
28.4
48.9
9
I
2
2
0
0 0 0
127636-1
#nylinje
12
98.1
148.4
9
I
2
2
0
0 0 0
127659-4
#nylinje
2
88.4
138.9
9
I
2
2
0
0 0 0
127659-6
#nylinje
2
65
181.9
9
I
2
2
0
0 0 0
127659-1
#nylinje
4
98.1
108.4
9
I
2
2
0
0 0 0
127659-8
#nylinje
4
98.4
88.9
9
I
2
2
0
0 0 0
127659-10
#nylinje
2
58.4
58.3
9
I
2
2
0
0 0 0
127659-17
#nylinje
2
65
97.3
9
I
2
2
0
0 0 0
127659-19,20
#nylinje
2
88.4
138.9
9
I
2
2
0
0 0 0
127659-21
#nylinje
4
98.4
88.9
9
I
2
2
0
0 0 0
127659-22
#nylinje
2
98.4
98.9
9
I
2
2
0
0 0 0
127659-23
#nylinje
1
68.4
88.9
9
A
2
3
0
0 0 0
127668-1_(Hengsler)
#nylinje
2
59
142.5
3
A
2
4
0
0 0 0
TS
#nylinje
1
48.8
49.7
1
A
2
2
0
0 0 0
127633
#andre ting
0
1
2
0
