#kundeinfo
27 05 2008
002
127999,128020,128070
23
#nylinje
1
38.1
158.4
9
A
1
3
0
0 0 0
127872-1
#nylinje
8
78.4
88.9
9
B
4
4
0
0 0 0
127998-1
#nylinje
26
41.55
118.9
9
A
1
3
0
0 0 0
127999-1,3
#nylinje
2
41.55
98.9
9
A
1
3
0
0 0 0
127999-4,5
#nylinje
1
28.4
118.9
9
A
1
3
0
0 0 0
127999-9
#nylinje
2
79.1
149.38
9
A
3
5
0
0 1 0
128005-1,12_(Inndeling,_Skrå,_Hengsler)
#nylinje
2
68.4
88.3
9
A
2
2
0
0 0 0
128020-1,3
#nylinje
2
38.4
38.3
9
A
2
2
0
0 0 0
128020-4
#nylinje
3
38.4
88.3
9
A
2
2
0
0 0 0
128020-6
#nylinje
1
58.4
88.3
9
A
2
2
0
0 0 0
128020-8
#nylinje
4
68.4
88.3
9
A
2
2
0
0 0 0
128020-10,11
#nylinje
2
78.4
88.3
9
A
2
2
0
0 0 0
128020-12
#nylinje
2
98.4
88.3
9
A
2
2
0
0 0 0
128020-14
#nylinje
2
48.1
168.4
9
A
2
3
0
0 0 0
128020-16
#nylinje
3
108.1
168.4
9
A
2
3
0
0 0 0
128020-18
#nylinje
2
55
87.3
9
A
2
2
0
0 0 0
128020-20,22
#nylinje
4
58.4
88.3
9
A
2
2
0
0 0 0
128070-1,3
#nylinje
1
18.4
128.3
9
A
1
2
0
0 0 0
128070-6
#nylinje
2
38.4
88.3
9
A
2
2
0
0 0 0
128070-8
#nylinje
2
58.4
88.3
9
A
2
2
0
0 0 0
128070-10
#nylinje
5
68.4
88.3
9
A
2
2
0
0 0 0
128070-11,11,11,13,13
#nylinje
5
78.1
168.4
9
A
2
3
0
0 0 0
128070-14
#nylinje
1
78.1
52.8
9
A
2
2
0
0 0 0
128070-16_(Skrå)
#nylinje
2
78.1
102
9
A
2
2
0
0 0 0
128070-18,20_(Skrå)
#nylinje
1
55
87.3
9
A
2
2
0
0 0 0
128070-22
#andre ting
0
1
2
0
