#kundeinfo
29 05 2008
002
128359,128370
25
#nylinje
3
58.4
88.3
9
A
2
2
0
0 0 0
128359-1,3,4
#nylinje
2
98.4
38.3
9
A
3
2
0
0 0 0
128359-5
#nylinje
1
18.4
88.3
9
A
1
2
0
0 0 0
128359-7
#nylinje
5
68.4
88.3
9
A
2
2
0
0 0 0
128359-9,9,9,9,11
#nylinje
1
98.4
28.3
9
A
3
2
0
0 0 0
128359-12
#nylinje
1
28.1
138.4
9
A
1
3
0
0 0 0
128359-14
#nylinje
4
78.1
128.4
9
A
2
3
0
0 0 0
128359-16
#nylinje
3
78.1
168.4
9
A
2
3
0
0 0 0
128359-18
#nylinje
3
98.1
168.4
9
A
2
3
0
0 0 0
128359-20
#nylinje
1
65
162.3
9
A
2
3
0
0 1 0
128359-22_(Inndeling)
#nylinje
3
55
87.3
9
A
2
2
0
0 0 0
128359-27,24,26
#nylinje
5
78.1
148.4
9
I
2
3
0
0 0 0
128370-4
#nylinje
1
65
142.3
9
I
2
3
0
0 1 0
128370-6_(Inndeling)
#andre ting
0
1
2
0
