#kundeinfo
29 05 2008
002
128363,128180
25
#nylinje
6
58.4
58.3
9
A
2
2
0
0 0 0
128363-1,3,3,4,4,4
#nylinje
1
18.4
88.3
9
A
1
2
0
0 0 0
128363-5
#nylinje
2
98.4
38.3
9
A
2
1
0
0 0 0
128363-7
#nylinje
1
58.4
88.3
9
A
2
2
0
0 0 0
128363-9
#nylinje
4
78.4
88.3
9
A
2
2
0
0 0 0
128363-11,13
#nylinje
5
88.1
128.4
9
A
2
3
0
0 0 0
128363-14
#nylinje
1
55
122.3
9
A
2
3
0
0 1 0
128363-16_(Inndeling)
#nylinje
8
38.4
88.3
9
A
2
3
0
0 0 0
128180-1,1,3,3,4,4,4,4
#nylinje
2
68.4
88.3
9
A
3
3
0
0 0 0
128180-5
#nylinje
2
98.4
38.3
9
A
4
2
0
0 0 0
128180-7
#nylinje
4
98.4
88.3
9
A
4
3
0
0 0 0
128180-9,11,11,11
#nylinje
1
55
87.3
9
A
2
3
0
0 0 0
128180-12
#andre ting
0
1
0
1
