#kundeinfo
19 03 2007
002
106576
12
#nylinje
2
68.4
88.3
9
A
2
2
0
0 0 0
106576-1,3_(Lukke)
#nylinje
1
38.4
38.3
9
A
2
2
0
0 0 0
106576-4
#nylinje
3
38.4
88.3
9
A
2
2
0
0 0 0
106576-6
#nylinje
1
58.4
88.3
9
A
2
2
0
0 0 0
106576-8
#nylinje
6
68.4
88.3
9
A
2
2
0
0 0 0
106576-10,10,10,10,11,11
#nylinje
2
78.4
88.3
9
A
2
2
0
0 0 0
106576-12
#nylinje
2
48.1
168.4
9
A
2
3
0
0 0 0
106576-14
#nylinje
3
108.1
168.4
9
A
2
3
0
0 0 0
106576-16
#nylinje
1
65
87.2
9
A
2
2
0
0 0 0
106576-18
#nylinje
1
55
87.2
9
A
2
2
0
0 1 0
106576-20_(Dør)
#nylinje
1
55
29
9
A
2
1
0
0 0 0
109189-1
#andre ting
0
1
0
1
