#kundeinfo
29 04 2011
002
167347,167570,167571,167605
17
#nylinje
4
88.9
119.5
9
I
2
2
0
0 0 0
167347-1
#nylinje
12
78.9
109.5
9
I
2
2
0
0 0 0
167347-3
#nylinje
2
28.8
109.5
9
I
1
2
0
0 0 0
167347-5
#nylinje
4
75.3
107.6
9
I
2
2
0
0 0 0
167347-7,9
#nylinje
4
88.9
99.5
9
I
2
2
0
0 0 0
167347-10
#nylinje
4
139.4
199.5
9
I
2
2
0
0 0 0
167347-12
#nylinje
2
78.9
39.5
9
I
2
1
0
0 0 0
167570-1
#nylinje
1
68.9
79.5
9
I
2
2
0
0 0 0
167570-3
#nylinje
6
78.9
119.5
9
A
2
3
0
0 0 0
167571-1
#nylinje
6
68.9
109.5
9
A
2
3
0
0 0 0
167571-3
#nylinje
2
38.9
99.5
9
A
2
3
0
0 0 0
167571-5
#nylinje
2
68.4
158.3
9
A
2
2
0
0 1 0
167571-7,9_(Inndeling)
#nylinje
2
75.3
107.6
9
A
2
2
0
0 1 0
167571-11_(Inndeling)
#nylinje
1
75.3
107.6
9
A
2
2
0
0 1 0
167605-11_(Inndeling)
#andre ting
0
1
2
0
