#kundeinfo
28 08 2009
002
_
37
#nylinje
2
38.9
59.5
9
A
2
3
0
0 0 0
144830-1,3
#nylinje
1
88.9
99.5
9
B
4
3
0
0 0 0
144533-3
#nylinje
6
68.9
99.5
9
G
2
3
0
0 0 0
144550-1
#nylinje
13
68.9
99.5
9
G
2
3
0
0 0 0
144550-3
#nylinje
1
68.9
69.5
9
G
2
2
0
0 0 0
144550-4
#nylinje
1
65.3
97.4
9
G
2
3
0
0 0 0
144550-6
#nylinje
1
68.9
69.5
9
G
2
2
0
0 0 0
144550-10
#nylinje
1
169.4
99.5
9
B2
6
4
0
0 0 0
144659-1_80MM_mstokk
#nylinje
1
28.8
39.5
9
A
2
2
0
0 0 0
144659-3
#nylinje
5
48.9
89.5
9
I
1
3
0
0 0 0
144622-1
#nylinje
2
79.4
149.5
9
I
1
3
0
0 0 0
144622-9
#andre ting
0
1
2
0
