#kundeinfo
13 08 2009
002
144094,144378,138174
34
#nylinje
3
58.4
58.3
9
A
2
2
0
0 0 0
144094-1,1,3
#nylinje
1
18.4
88.3
9
A
1
2
0
0 0 0
144378-1
#nylinje
1
38.4
38.3
9
A
2
2
0
0 0 0
144378-3
#nylinje
1
58.4
58.3
9
A
2
2
0
0 0 0
144378-5
#nylinje
4
38.4
88.3
9
A
2
2
0
0 0 0
144378-7,7,9,10
#nylinje
3
58.4
88.3
9
A
2
2
0
0 0 0
144378-20,22,22
#nylinje
2
78.4
88.3
9
A
2
2
0
0 0 0
144378-11,13
#nylinje
2
98.4
38.3
9
A
2
1
0
0 0 0
144378-14
#nylinje
6
88.1
128.4
9
A
2
3
0
0 0 0
144378-16
#nylinje
2
55
122.3
9
A
2
3
0
0 0 0
144378-18
#nylinje
2
58.6
117.6
3
D
2
2
0
0 1 0
138174_(Inndeling)
#andre ting
0
1
2
0
