#kundeinfo
11 08 2009
002
_
33
#nylinje
4
48.1
108.4
9
A
2
3
0
0 0 0
143529-5
#nylinje
3
98.1
108.4
9
A
3
3
0
0 0 0
143529-7
#nylinje
4
68.4
38.3
9
A
3
2
0
0 0 0
143529-11
#nylinje
2
38.4
38.3
9
A
2
2
0
0 0 0
143529-13
#nylinje
2
58.1
102.3
9
A
2
3
0
0 1 0
143529-19,21_inndeling
#nylinje
2
28.4
68.9
9
A
1
2
0
0 0 0
143138-1
#nylinje
2
58.4
68.9
9
A
2
2
0
0 0 0
143138-3
#nylinje
3
58.4
88.9
9
A
2
3
0
0 0 0
143138-5
#nylinje
3
108.1
108.4
9
A
4
3
0
0 0 0
143243-1
#nylinje
2
138.1
148.4
9
A
5
4
0
0 0 0
143243-3
#nylinje
2
48.1
148.4
9
A
2
4
0
0 0 0
143243-5
#nylinje
2
68.1
142.3
9
A
3
4
0
0 1 0
143243-8,10_inndeling
#andre ting
0
1
2
0
