#kundeinfo
11 08 2009
002
_
33
#nylinje
6
31.5
78.3
9
A
2
3
0
0 0 0
143403-1,3
#nylinje
4
31.5
128.3
9
A
2
4
0
0 0 0
143403-4,5
#nylinje
4
31.5
38.3
9
A
2
2
0
0 0 0
143403-10,11
#nylinje
3
38.4
38.3
9
A
2
2
0
0 0 0
143403-13
#nylinje
1
55
127.3
9
A
2
4
0
0 0 0
143403-15
#nylinje
2
70.4
48.3
9
A
3
2
0
0 0 0
143580-3
#nylinje
4
27.5
108.3
9
A
1
3
0
0 0 0
143580-12,13
#nylinje
3
28.2
102.3
9
A
1
3
0
0 0 0
143580-15,17,18
#nylinje
2
30.1
64
9
A
1
2
0
0 0 0
143580-21,26_trekant
#nylinje
6
27.5
104.3
9
A
1
3
0
0 0 0
143580-30,31
#nylinje
3
25.2
93.3
9
A
1
3
0
0 0 0
143580-54,55,56
#andre ting
0
1
2
0
