#kundeinfo
28 08 2009
002
_
37
#nylinje
2
68.9
69.5
9
A
2
3
0
0 0 0
144653-1
#nylinje
2
19.4
139.5
9
A
1
4
0
0 0 0
144653-3
#nylinje
2
82.45
139.5
9
A
3
4
0
0 0 0
144653-5,10
#nylinje
1
55.3
138.1
9
A
2
4
0
0 0 0
144653-7
#nylinje
4
28.8
29.5
9
A
2
2
0
0 0 0
144556-11
#nylinje
2
36.85
79.5
9
A
2
2
0
0 0 0
144556-13,14
#nylinje
2
68.9
89.5
9
A
2
3
0
0 0 0
144561-1
#nylinje
1
38.9
89.5
9
A
2
3
0
0 0 0
144561-3
#nylinje
4
31.85
29.5
9
A
2
2
0
0 0 0
144556-1,3
#nylinje
3
60.13
109.5
9
A
2
2
0
0 0 0
144556-4,6,8
#nylinje
2
48.9
49.5
9
A
2
2
0
0 0 0
144556-9
#andre ting
0
1
0
1
